132.8215105,61.401362000651716
10.2617438,71.678430999782
1.2385101,5.6170429998019245
2.0721974,7.169460000113759
1.5300824,5.179503999897861
2.4765129,6.462929000008444
2.603368,5.53802600097697
2.5414309,6.228354999620933
1.7877068,5.331153000042832
1.4956939,5.209388999901421
1.614946,5.460166000375466
1.6337423,6.393398000909656
2.045232,7.139501999517961
2.3971158,7.352457999331818
1.7738743,7.032231999801297
2.0808023,6.200325000463636
1.8714465,5.826843999784614
1.774947,5.380230000810116
1.7600586,5.799253000077442
2.2455723,7.3396130010223715
2.1677982,7.822605999535881
2.374517,8.297783999296371
1.7518526,6.081020001147408
2.0851301,7.536284999332565
1.6879942,6.7882510011259
2.3921248,7.471776999409485
2.1051015,8.241634001024067
2.2519403,8.031546000893286
2.213528,8.561841998925956
2.0739649,7.065405000503233
1.5502565,6.326266000542091
2.1272578,7.4214960004610475
2.160876,8.226379999541678
2.1052718,7.434297999679984
1.7131651,6.4860089996727766
1.9795894,7.490048000363458
1.6718968,6.423573999200016
2.0487794,7.601497999530693
1.3921177,5.295787999784807
1.4020416,5.035174000113329
1.2643749,4.780432000188739
1.6940816,5.752080999627651
1.5516564,5.5469680000896915
1.6967466,6.623174999731418
1.7049795,5.478162000144948
1.9223639,6.641447999754746
1.5357262,5.540730000575422
1.5811519,5.297636999785027
1.5072905,5.226028999459231
1.7615284,5.004486999496294
1.8515543,6.559099999321916
1.6945101,6.024917999639001
1.76463,6.805228000303032
1.584092,5.9316580000086105
1.7504724,5.5928749998201965
1.5633335,5.145547999745759
2.3252153,7.04814799973974
2.4951619,8.049832999859063
2.1078513,6.523001999084954
2.3564992,7.1016160009094165
2.7783267,10.584757999822614
1.4363262,6.477130999883229
2.3785742,7.507099000577
1.7883763,6.824183999924571
2.3001839,7.592530000692932
2.0903255,6.408006001038302
2.3973278,7.325229998969007
1.9021989,6.180336999932479
2.099406,6.0291290010354714
2.6606748,9.456892999878619
1.5313016,6.193779999193794
2.5167924,7.729074999588192
2.0832185,6.420769000214932
2.3704907,6.91706599900499
1.8581467,6.0518450000017765
1.6775775,5.6572209987280075
1.6775715,5.466121000608837
1.4618091,5.612875001133943
2.312713,8.288689999062626
1.8997591,7.415629001116031
2.1975523,7.309766000616946
2.4152435,7.98069999927975
2.3569686,7.477301999642805
3.0493847,10.537388000557257
1.4599411,5.3867449996687355
1.5680802,5.186405999666022
2.5104001,9.055928999259777
1.8213295,6.752962000064144
1.8642244,6.835445999968215
2.3041294,7.017326999630313
2.1202517,6.3803419998293975
2.073534,7.596490000651102
1.6379785,5.447230000754644
1.7463117,6.282236999140878
2.0219207,7.708984999226232
1.6716789,6.17322600010084
2.678412,8.216001000619144
1.982977,7.19892799952504
1.9286483,6.269171000894858
2.1588691,6.485710000561085
1.792998,5.438275999949838
1.9061502,5.314860999533266
3.1845164,10.312512999007595
2.2704811,8.923338999920816
1.828264,5.728051999540185
1.8718013,5.398364000029687
1.5672568,5.1433749995339895
1.7603691,5.0897620003524935
1.936939,6.98424599977443
1.8818313,6.191221999870322
2.5894722,9.733834999678947
1.6506931,7.5503789994399995
2.0689043,5.995103999339335
1.7778189,5.501296999682381
1.7717849,5.297389000588737
2.5810407,9.098343000005116
3.6340183,15.221675001157564
1.5687962,6.931476999852748
2.9023943,10.782422000374936
3.0142627,12.280968999220931
1.453526,6.290142999205273
1.8264601,5.591750999883516
1.5655489,5.226014999607287
1.7151853,5.142785999851185
2.0370755,5.7742059989323025
2.053938,6.232839999938733
2.3856434,7.221251999908418
2.1217775,6.322309000097448
1.8289201,5.696902000636328
1.7903181,5.336036999324278
1.7802857,5.206548999922234
2.0399321,6.8405120000534225
2.8790023,9.983452999222209
1.7388613,6.901345000187575
1.7096256,5.854510000062874
1.8050113,5.483691000335966
2.3332455,6.613985000512912
2.2518189,7.007088001046213
2.4202843,7.470130998626701
2.3273898,6.655756998952711
2.1625006,6.0781279989896575
2.0649279,5.784459999631508
1.7696298,5.281773000206158
2.1164949,5.289082000672352
2.7815208,7.863118999011931
3.4670159,8.66025199957221
2.0718216,6.027213000379561
1.8338125,5.742168000324455
1.9959566,5.3565820007861475
2.0006002,5.797720000373374
2.3626762,6.863283000711817
2.4067588,7.281452998540772
3.098016,10.34909699956188
2.1655638,5.78317499912373
1.8116118,5.5556139996042475
2.2745946,5.465444999572355
2.610607,6.939596000847814
2.6279538,7.8744600014033495
2.3322345,6.556540999554272
3.207447,7.231219000459532
2.3497177,6.068339999728778
2.1818448,5.748298000071372
2.2896437,6.9560769998133765
2.425239,7.544647999566223
2.0697004,6.3179919989124755
1.8607306,5.706238000129815
1.6564801,5.3702650002378505
1.79442,5.387686000176473
3.111184,10.813301000780484
1.8205091,7.54326300102548
1.9757357,7.113548999768682
1.8549789,6.431383000744972
2.186376,7.387927000308991
1.7395817,6.2592790000053355
1.7112379,6.951504999051394
1.5308999,5.514767000931897
1.9446137,5.990784000459826
1.5417436,5.079374000160897
1.5232211,5.782893999821681
1.9950803,6.146364999040088
2.6521747,7.9119690008155885
1.8776042,5.9783239994430915
2.3282962,7.712491998972837
1.681299,5.772569999862753
1.7021881,5.36385899886227
1.5362105,5.243720998805657
1.5435825,5.039806000240787
2.0982605,6.842868999228813
1.9916166,6.320038000922068
2.681299,8.729000999665004
2.3388628,6.7212929998277104
2.0293268,6.7786849995172815
1.6373728,5.821247001222218
1.6556653,5.476049001117644
1.7183245,5.228816000453662
2.2718874,7.147878999603563
2.4231114,7.393125000817236
2.1284807,6.228876999557542
1.8363909,5.78510500054108
1.7980884,5.430018999504682
1.6414578,5.18866699985665
2.0341092,6.374849999701837
2.1754414,7.202598999356269
2.0749463,6.4422079994983505
2.3101034,7.693410000683798
2.1429141,7.069200999467284
2.463346,9.826131000409077
1.573439,7.615968999743927
2.0925512,6.198379000124987
1.7445424,5.886306999855151
1.7792628,5.467727000905143
2.3738006,9.429344998352462
2.0396411,7.681336000132433
2.0091825,6.5128959986395785
1.6262524,6.264942999223422
1.8036889,5.320031000337622
2.0989764,7.744395998997788
2.510442,10.282819999702042
1.4476927,6.814049999775307
2.1489782,7.373734999418957
1.8882058,6.263072999900032
1.6835244,5.7270840006822255
1.7473036,5.400748000283784
2.3017371,7.249467000292498
1.9596291,7.1746730000086245
2.1866147,7.426916999975219
1.7723993,6.2306560002980405
1.7224319,5.806488000416721
2.0006258,6.594131999008823
2.3199492,7.231371000671061
2.2204795,8.017445000405132
2.2183243,6.471559000601701
1.7135686,6.062219000341429
1.6501912,5.54449100036436
1.780761,5.188567999539373
2.1130945,6.298302000686817
2.4071407,8.971652000582253
2.1045198,7.296171001144103
2.3542383,6.804964999901131
3.6095615,13.09156399929634
1.455583,5.461824000121851
1.5810712,5.2506510000966955
2.1677197,7.6402280010370305
1.9526243,6.486942000265117
1.7778753,6.641386999035603
1.5910219,5.768803998762451
1.6951571,5.427576999863959
1.5948219,5.145638000612962
1.7312365,6.4119420012502815
1.9540979,6.386087000464613
1.7621509,6.1339379999481025
1.6860902,5.73304800036567
1.7355082,5.306949999976496
1.6631443,5.1557369997681235
1.7423625,5.86272700002155
1.9959426,7.1092410007622675
2.1238444,6.961521000448556
2.0556422,7.122403999346716
2.3589976,7.46220099972561
1.8652051,6.384289999914472
1.98162,7.188953999502701
2.0676444,7.528792999437428
1.7393913,6.193494999024551
1.7541823,5.928990000029444
1.4640102,5.244877000222914
2.1018722,7.912679999208194
2.8270664,10.138225999980932
1.8341928,8.74011599989899
1.5251029,5.885775000024296
1.6960918,5.5886669988467474
1.8121905,5.2611209994211094
1.9305957,6.489282999609713
2.2678872,7.641563000106544
2.4074922,7.887538999057142
1.8511166,6.461424999542942
1.8293936,5.774474999270751
1.9109354,5.715334999877086
2.3876789,7.192251999185828
2.3867781,7.170887000938819
2.7785835,7.6761090003856225
2.6317839,8.348947000740736
2.7802275,7.326929000555538
2.2633155,7.789668000441452
2.0949861,6.377277999490616
1.8289684,5.845591999786848
2.162847,7.224689001304796
2.0456986,6.432658999983687
2.6197876,7.609660000525764
1.9520355,6.53230900024937
2.3016864,7.497056999454799
1.9275253,6.400356000085594
1.8900699,7.222756001283415
1.7593741,5.960104999758187
1.6780535,5.9890920001635095
1.5053967,5.580457000178285
1.7436874,7.1264979987972765
1.9945775,6.396721999408328
2.184558,6.919463999111031
2.1008608,6.698233999486547
1.7415822,6.294347001130518
2.0426563,5.813852999381197
1.7834794,5.510971001058351
1.8881451,6.1161619996710215
1.935028,7.2910069993668
1.805757,6.482002999291581
2.3147315,7.7459550002458855
1.5636442,5.727107000893739
1.7350261,5.25712999933603
1.7175914,4.959724999025639
1.5783656,4.829211000469513
2.0868685,6.636071999309934
2.3397088,7.7230920005604276
2.0543482,7.854769000005035
2.0725179,6.537242000376864
2.2657309,7.353298001362418
1.9355996,5.97550600014074
1.600728,5.557055000281252
1.5735769,5.242209001153242
2.1874222,6.866660001833225
2.2614452,7.394905000182916
2.1319334,6.650282000009611
2.0319191,7.113641000614734
1.5533358,5.934044000241556
1.7234856,5.471952000334568
1.6483987,5.258822000541841
1.7841657,6.777863999559486
2.0746188,6.6898860004585
1.9431055,6.508273000690679
1.6379295,5.865174000973639
1.785529,5.468325998663204
1.5659228,5.183856999792624
1.8781259,5.726110000068729
2.0282282,6.782704999750422
2.0647443,6.897133001075417
1.8496624,5.9326400005375035
2.0232273,5.5854110014479375
1.7710646,5.579765999755182
1.8379709,5.534238000109326
2.3231633,6.740088000697142
2.3475401,6.803959000535542
2.1320426,6.3589400006094365
2.0439156,5.933191000622173
1.8119757,5.590072999439144
1.9126255,5.2856060001431615
2.3847577,7.277080999301688
2.3846608,7.088082000336726
2.0922482,6.197150999469159
2.067609,6.10453600074834
1.7888718,5.488734000209661
1.7428634,5.873056999917026
2.0383418,6.681139000647818
2.462155,7.566252001197427
2.0921403,8.103766999738582
2.3457397,9.0400299995963
1.8399071,7.161486000768491
1.8464164,7.834201001060137
1.4806539,6.12083500072913
1.7226092,7.262027000251692
1.7864963,5.308128999786277
2.2636992,7.217000000309781
2.0932659,7.20034499954636
2.1055346,6.362436999552301
1.9198256,5.773408999630192
1.8002745,5.443459000161965
1.7730014,5.447844999252993
2.1065198,6.323313999928359
1.7737948,5.879760999960126
1.7390978,5.457451000438596
1.7292487,5.2270370006226585
1.5674534,5.046799999945506
2.0856379,6.243134001124417
2.1293327,6.516922000628256
2.1104513,6.361379001646128
1.8351555,5.822914999953355
1.8117891,5.581796000114991
1.6489164,5.03326800026116
1.9453675,5.040160999669752
2.4489219,6.4642389997970895
2.4476334,6.754574999831675
2.0302608,5.770095999650948
2.5115752,7.067797000672726
2.5302152,6.1344159994405345
2.5657438,5.730516000767238
3.1680537,7.252975000483275
2.69699,7.152969000344456
2.3192664,6.38662699930137
2.5706497,5.705251000108547
2.4060852,5.504114999894227
2.4130256,5.502385999534454
3.0360477,7.076173999848834
3.1507888,7.091966000189132
3.462212,8.160968000993307
2.7790776,6.178243999784172
2.6261883,5.860127000232751
2.1363145,6.669302000773314
2.7357012,7.046489999993355
2.7735024,7.6389490004658
2.5279873,8.340285000485892
1.9704849,6.997838000643242
2.340655,7.211138999082323
2.3352028,7.784127999912016
1.9455247,6.5457049995529815
1.9330969,5.980320999697142
1.7082296,5.4773720003140625
1.9548662,6.423643999369233
1.855454,6.21032999970339
2.3362925,7.588784000290616
1.9944868,6.213169999682577
2.1493974,6.997747999776038
1.8920363,5.986420000226644
1.8145422,5.58963700041204
1.7883687,5.363300000681193
2.2545283,7.178908001151285
2.4986628,7.69540800138202
2.0968818,6.344008999803918
1.8391142,5.8342299998912495
1.8016191,5.491826000252331
2.101385,5.3688050002165255
1.8746135,5.426864000583009
2.268343,6.451764000303228
1.9110106,5.546982000851131
2.3633036,6.769874999918102
1.8785278,5.802089999633608
1.8211388,5.658256000060646
1.7987089,5.2532059999066405
2.3620251,6.952347999686026
2.3238588,6.50873400081764
2.1852684,6.451927000853175
2.3397988,5.9043039991593105
2.1241519,5.565407000176492
1.9941636,5.332552999789186
3.2029484,7.374496999545954
2.6500361,7.7283869995881105
2.2312102,6.362648001413618
2.1947258,5.8666089998951065
2.1655614,5.570211999838648
2.1738389,5.6541039994044695
2.7149395,7.1243609991142876
2.6077868,7.757992999358976
2.3363011,6.395004999831144
2.6188111,7.1056699998734985
2.3279071,6.862921999527316
2.1328013,6.651147000411584
2.2008191,5.934523999712837
1.8108662,5.536614999073208
1.7930831,5.377653999858012
2.0671216,5.934589999924356
2.1064264,6.42752399926394
2.4762345,6.977982000535121
2.3929382,6.388908999724663
2.724038,7.419001998641761
2.5203706,6.8028480009161285
2.4001198,7.197396000265144
2.4843673,6.927951999387005
2.3163062,6.251249999877473
1.8717649,5.72199300131615
1.7974415,5.420500001491746
2.1946956,5.823769999551587
2.3707085,6.463775000156602
2.1648268,6.418213999495492
2.3444525,6.829896000454028
2.0494264,5.930565999733517
2.0478823,5.631353999888233
2.2477256,5.791434999991907
2.6314987,6.8430209985308466
2.5448789,7.228338000459189
2.0415619,6.247148000511515
1.6864795,5.7868419999067555
1.7505046,5.3808350012332085
2.7120614,8.300417999635101
3.4159027,14.23721600076533
1.3837115,6.194169000082184
1.8168925,5.58191700019961
1.874311,5.409125000369386
1.9314234,5.464094001581543
2.8596092,8.838692000608717
2.0038223,5.999541000164754
2.3539929,7.038781000119343
2.4580217,6.765688998711994
4.6367934,14.741740000317805
2.120695,6.419127999834018
1.8341848,5.738947998906951
1.7975668,5.370660999687971
1.8646158,5.18361900049058
1.3249926,5.281006000586785
1.2217321,5.329597000127251
2.177925,6.949874000383716
2.4248889,7.273997000083909
3.0874438,9.669991000919254
2.2271915,6.815933999860135
2.0714197,6.021592999786662
2.0619721,5.806719001157035
2.1065409,5.687226998816186
2.1762052,6.390603999534505
1.8785078,6.084292999730678
2.6452598,7.565593999970588
2.5512456,6.578350000381761
2.8066203,7.5002180001320085
2.4175689,6.80690399985906
2.3695154,6.796618999942439
2.6211913,7.285831000444887
2.0467152,6.405250000170781
2.2171114,7.618666999405832
1.9172627,6.141304000266246
1.8681886,5.653117999827373
1.5735449,5.818504000671965
1.7289318,6.832820999989053
2.0490498,6.176208999931987
2.0752497,6.948739999643294
1.7668263,5.97530800041568
1.9883241,5.627157999697374
1.7966766,5.332457999429607
2.1463927,6.139741999504622
2.0763485,6.5093749999505235
2.1578523,6.83213699994667
2.0880787,6.231131999811623
1.9940478,5.829892001202097
1.7926348,5.384158999731881
1.8693925,5.622515000140993
2.102493,6.225051000001258
1.8345171,6.9230740000421065
2.0803465,7.105883999429352
1.9734997,6.246578000173031
2.3652988,7.552061000751564
2.5287351,8.007688000361668
1.8473702,6.191797000610677
1.8523175,5.580876000749413
1.7788583,5.335267000191379
1.7085346,5.174228998839681
1.7966526,5.438025999865204
2.1595599,6.49036699996941
2.5139465,7.394030999421375
2.3199934,6.448180000006687
2.0281844,5.8720629995150375
2.0877851,5.6159859987019445
1.6630575,5.471082999065402
2.0072127,6.8385200002012425
1.847232,7.32744800097862
2.2699483,7.763107999380736
1.8642906,6.201576000421483
1.8198973,5.690790999324236
1.8664411,6.631704000028549
2.2095864,6.631278000895691
1.9973362,6.94173600004433
1.9375784,6.235675999960222
1.9348542,5.63569399946573
1.8237424,5.3066160007801955
1.8009001,5.679374999090214
1.8648276,6.602770999961649
1.8287215,6.39831199987384
2.0999115,7.136050001463445
1.4609852,5.751720000262139
1.4972304,5.297553000673361
1.7840341,5.218188000071677
2.1766988,7.101709999915329
2.4321817,8.672195999679388
1.9503799,6.222916000297118
1.6940837,5.6739019992164685
1.7514563,5.330326999683166
1.7871171,5.292054999699758
2.1940146,7.5669050002034055
1.9959841,7.422317000418843
1.7318406,6.038129999978992
1.8110168,5.594044000645226
1.8150116,5.3408180001497385
1.5081617,5.2078310000069905
1.8644902,6.683360999886645
2.3714287,7.383150000350724
2.1103825,6.329803999506112
2.3757111,7.4179349994665245
2.4076334,7.372897999630368
2.4380466,7.650144000763248
2.0982271,6.413336999685271
1.8236017,5.679524998413399
1.7085927,5.384978999245504
1.7166915,5.242936000286136
2.0612205,6.744941000761173
2.3294865,7.927493999886792
2.0143702,6.277261999457551
1.8167097,5.816726998091326
1.7920041,5.3963440004736185
1.7834185,5.3094300001248484
2.1470074,6.833986000856385
1.850809,7.603405999361712
1.8626847,6.076697999560565
1.9146387,7.08736299930024
1.8746305,6.177917999593774
2.1613434,6.940557999769226
1.7754184,6.692926000141597
2.1281855,6.316086999504478
1.8490596,5.676829999174515
1.620937,5.348286998923868
1.6020361,5.150703000253998
2.0181806,6.94930099962221
1.9094454,7.300580000446644
1.98751,6.701580000481044
2.2917814,7.8276840004036785
1.8046353,6.484103999355284
2.1833451,7.675587000449013
1.909136,6.166137000946037
1.5481957,5.679466999936267
1.4263862,4.849259001275641
1.6964619,5.447323000225879
1.9952694,6.75112299995817
1.660774,6.519255000057456
1.7294537,5.6343339983868646
1.6162897,5.289489999086072
1.5712135,4.913650001071801
1.3949217,4.8573140002190485
1.5897325,5.2445999999690684
1.7853737,6.3567200013494585
2.1288664,6.981706000260601
1.8101698,5.727344999286288
1.7385982,5.247075999250228
1.7394794,5.085825001515332
1.7678141,5.1761179993263795
2.0904982,6.68565099931584
2.1363235,7.5220640010229545
1.940561,6.156501999612374
2.1274536,7.259349999912956
2.1688391,6.867562999104848
1.9091149,6.959685999390786
2.1949714,7.504062999942107
1.7595678,6.4232819986500544
1.9659014,7.488617001399689
1.6533144,6.095501998970576
1.6200713,5.534201000955363
1.4722341,5.149447999428958
1.7960726,6.803645999752916
1.5883568,5.901008000364527
2.1482847,7.43303399940487
1.7638439,6.065335999664967
2.0254137,7.258246999299445
2.0321725,6.912362000548455
2.1206366,7.003367999459442
2.2685487,7.399172998702852
1.8506313,6.234915999812074
1.7347223,5.7578799987823
1.7091528,5.403277999903366
1.7944194,5.428987999948731
2.0677412,5.793520999759494
1.8962543,6.390101000761206
1.8236177,5.666203001055692
1.673692,5.484072999934142
1.7755058,5.1767100003417
1.7998519,5.428439998468093
2.0894654,6.234945999494812
2.2814194,7.443374999638763
2.1180777,6.56468000033783
2.3104905,6.962872000258358
2.6374142,7.6839630000904435
2.167574,6.3477720004812
1.8494479,5.764921000263712
1.8877679,5.478465000123833
1.9043195,5.59615699967253
2.3907557,6.771954000214464
3.7685961,10.773415000585373
2.657582,8.022859999982757
1.481458,5.5170179994092905
1.6200625,5.2035329999853275
1.9904622,6.223773999408877
2.1405362,6.637104999754229
2.0381174,6.677065998701437
2.4582768,7.453870000063034
2.34367,6.75223000052938
1.8298528,5.643813000460796
1.5902818,5.335265998837713
2.1369703,6.734229999892705
2.5900998,7.644864998837875
2.100126,6.997313001193106
2.2421012,6.654931000412034
1.7604281,6.695038000543718
1.5742743,5.429492000075697
1.5102389,5.27877999957127
1.7184169,6.02492699999857
1.8147156,6.382430999110511
1.9320471,6.300981000094907
1.8753558,6.573295000634971
1.8879851,5.80131300011999
1.6480757,5.362920999687049
1.7502101,5.247262000011688
2.1872189,7.0568959990851
3.1504075,12.588617000801605
1.8455469,8.688237001479138
2.8495539,10.401619999356626
1.623047,6.349854999825766
2.1223269,6.680572999357537
2.3906994,7.4423649994059815
2.7079972,8.14362099936261
2.1156639,6.539507000525191
2.0488887,5.9930970001005335
1.7983248,5.479944000398973
1.5376918,5.275738999444002
1.895334,6.887829000334023
1.5757704,5.899069000406598
2.0436146,7.175936000749061
2.0207575,5.899510000745067
1.9492372,5.491578999681224
1.4679444,5.30564000018785
1.8255251,5.730431999836583
2.145205,6.329326999548357
2.3607951,7.244455000545713
1.9041199,5.965668999124318
1.8153277,5.574069999966014
1.5767673,5.289898000228277
1.8818193,5.235268999058462
2.160888,6.911966999723518
3.6351366,13.242299998637463
2.0179595,6.485034999968775
1.8194425,5.614125999272801
2.0638516,5.896058999496745
3.5558146,13.414940000984643
1.6620209,6.302493000475806
2.3096015,7.991590999154141
2.1417226,6.516890999591851
2.1684654,7.289224000487593
2.0476175,6.836026000200945
2.0862432,6.774889999178413
1.920663,5.799445999400632
1.74095,5.483832999743754
1.6011381,5.548597999222693
1.9448157,6.784542999412224
2.1338828,6.858827999167261
2.0951775,6.26417900002707
1.9709082,5.791400000816793
2.0322723,5.656835999616305
1.81062,5.57063999985985
2.1911275,6.889587000841857
2.4344135,7.625664999977744
2.2973507,6.301123999946867
2.2155725,5.814824000481167
1.746002,5.503628000042227
1.7617798,5.220043000008445
2.0637439,5.943690999629325
1.9575428,6.217195999852265
2.4533788,7.553608000307577
2.030655,6.303500998910749
1.8439433,5.732071000238648
1.7299163,5.385168000429985
1.8050218,5.3909799999019015
2.122168,6.479270000454562
2.7321439,9.29421600085334
1.8384862,6.239551000362553
1.7353231,5.517913000403496
1.8075277,5.175252000299224
1.7843314,5.125914000927878
2.1528737,6.7865609998989385
2.3975817,7.352571999945212
3.8502377,14.105333999395953
1.5937469,6.475946999671578
2.3774962,7.078620999891427
2.4430153,7.003043999247893
2.53411,6.622428999435215
2.1754829,5.943176999608113
1.7853339,5.397119000008388
2.0495541,5.908193000323081
2.1067623,6.424905001040315
2.4345252,7.562552000308642
2.0675484,6.183422999129107
2.0102087,5.765095999777259
1.801238,5.45910399978311
1.5747972,5.297701999552373
1.9479812,6.1882140007583075
2.4243126,7.570087001113279
2.4822312,6.58004099932441
2.849909,7.444279000083043
2.6772501,7.468876999155327
2.7122981,7.776473000376427
2.2545959,6.577870000000985
2.1769087,5.869631000678055
1.9185662,5.483821999405336
1.8572657,5.3924750009173295
2.2445676,6.786208999983501
1.7956125,7.557532000646461
1.7231197,6.1868350003351225
2.0081922,8.71351200112258
1.6522717,7.0795750007164315
1.9627964,6.5814870004032855
2.1432789,6.924311000148009
1.9380735,6.506957999590668
2.3873902,7.6836999996885424
1.9095632,6.069271999876946
1.7806384,5.56953100112878
1.7831542,5.287581000629871
2.0424308,6.285200999627705
1.9254557,6.142836999970314
2.191715,6.975819000217598
2.0342757,6.063155999072478
1.7949696,5.640770000354678
1.7736786,5.2609459999075625
1.6282893,5.334930000572058
1.9643753,6.862795000415645
2.2046989,7.406306999655499
2.3377648,8.145153999976174
2.1898245,6.845642000371299
1.9940557,6.321591999949305
1.7121054,5.737520000366203
1.7687797,5.596748999778356
2.1525445,6.410525999854144
1.9792815,6.276384999182483
2.0681689,7.268750000548607
1.8179182,6.255114998566569
1.7242362,5.771213001025899
1.7868981,5.385491000197362
1.9224524,5.383433000133664
2.3125833,6.790546999582148
2.4111471,6.737114001225564
2.4125667,7.6737679992220365
2.0968209,6.2153550006769365
2.290093,6.755564000741288
2.3495447,5.948656999862578
2.1893285,5.624016000183474
2.1919712,5.424213000878808
2.4629771,6.194891000632197
2.3332324,6.497407999631832
2.781475,7.121353000002273
2.0784004,6.126272999608773
2.0060371,5.619161998765776
1.7764225,5.426784000519547
2.1774912,7.116445999599819
2.3163289,7.262895999701868
1.9703838,6.346715999825392
1.889249,5.927905998760252
1.7573418,5.473298999277176
1.6339176,5.170591999558383
1.7292718,6.02418300059071
2.0263076,7.067941000059363
2.4266777,7.864899000196601
2.7112942,8.292147999782173
2.1689177,7.055101000332797
2.1661674,6.873298999380495
2.1398491,6.103210999754083
2.4450301,6.779399999686575
2.2128867,6.455726000240247
2.6505279,7.815832000233058
2.1000278,6.3244740003938205
1.7970756,5.8801479999601725
1.8012396,5.396294999627571
2.1375236,6.67113199870073
2.0957536,6.1867840004197205
2.5468843,8.20292300068104
2.3982381,7.43740699999762
2.0773638,6.225604000974272
2.3013984,7.287666001502657
2.0832328,6.227059999218909
2.093518,5.743960000472725
1.7851449,5.389099000240094
1.8118467,5.490377000569424
2.1818842,6.8430190012804815
1.7842907,5.8864940010607825
1.540661,5.391728000176954
1.6030683,5.328074001226923
1.5744316,5.262194000351883
1.8504621,6.790292000914633
2.3512066,6.782070999179268
2.7661976,8.316945999467862
2.3151828,6.851352999547089
2.4106139,7.3970109997389955
2.1777571,7.025150000117719
3.4751974,11.35995099957654
2.070168,8.065668998824549
2.3911313,7.372089000455162
2.0860783,6.3186509996739915
1.8456941,5.906273999244149
1.7790779,5.385777999435959
1.8457034,5.727128000216908
2.632173,7.546713999545318
2.1688717,6.448962999456853
2.3640451,7.420359999741777
2.072992,6.0837860000901856
1.8186679,5.647594000038225
3.2311053,10.344954000174766
3.8877413,15.713471999333706
1.3131565,6.026711999766121
1.7987175,5.439217999992252
1.5816636,5.212203000155569
1.7449722,5.183383000257891
2.6589063,10.519637000470539
1.2067284,5.427949999102566
1.4473796,5.157615999451082
1.7197381,4.979616000127862
1.7560656,5.014211999878171
1.7378733,4.915133000395144
2.6247167,9.127946000262455
1.7805207,6.985365000218735
1.9781721,6.225744001312705
2.3719008,7.167540999944322
2.2647679,7.351171000664181
2.1054181,6.516260000353213
2.0390272,5.849273000421817
1.8913965,5.428482999377593
1.8471128,5.8102369994230685
2.1710578,7.246000001032371
3.3595952,12.452558999939356
2.1702934,9.232657998836657
3.5298164,13.723299999583105
2.7676355,12.775497000802716
2.0576307,9.083222998924612
1.7445384,5.7302750001326785
1.7996128,5.420277000666829
2.0629918,6.145930999991833
2.3286183,7.0266250004351605
2.3425983,6.649925000601797
2.1089257,6.419399999685993
1.8294674,5.689306000022043
1.9506192,5.408177999925101
2.7664386,7.718840999586973
2.9611839,9.100809998926707
2.1447121,6.741075999343593
1.8563712,5.8940740000252845
2.1331415,5.615872999442217
2.9381171,7.567050999568892
3.6970438,11.764946999392123
1.8346253,5.985100999168935
4.4022384,14.65327599999
1.9980512,8.452236000266566
1.8022349,5.264876000182994
1.8771637,6.369555000674154
2.627916,10.633785000209173
1.5893165,7.192211000074167
1.6499745,5.883865001123922
1.7544626,5.512746000022162
2.7946078,11.104619999969145
2.6642254,13.79418699980306
1.7247927,7.551517001047614
1.5317672,5.259771999590157
1.7738179,5.089024999506364
1.7983249,5.623655000817962
1.8740713,6.593639001039264
2.0934074,7.765988000755897
1.8387169,6.026795999787282
1.8784592,5.552525000894093
2.9794129,11.53757000065525
2.5853555,12.197734000437777
2.1053186,9.448975999475806
1.7621596,5.947673000264331
2.0080628,5.62019699918892
1.7642393,5.15953099966282
2.1383216,6.605285000659933
2.2143451,7.059114999719895
1.8862775,5.563234000874218
1.7704449,5.182529000194336
2.3095157,7.026353999208368
2.1613499,6.954509999559377
2.461074,7.248134999827016
2.9372904,10.963746999550494
2.2396528,7.132464001188055
2.6995999,10.225457000160532
1.5487947,6.070374999580963
1.5533761,5.745484999351902
1.779277,5.86660099997971
2.0457211,6.707609999466513
2.0762653,6.560689999787428
1.9615517,6.308170000920654
1.8498787,5.879108000044653
1.826401,5.509241999789083
1.786295,5.3154459992583725
1.7762497,5.889692000891955
2.439076,7.6082010000391165
2.3837324,7.526122999479412
2.1383448,6.59245600036229
1.9066796,6.0164110000187065
1.8404343,5.435780000880186
1.9570914,6.974361000175122
2.3524736,7.821998999133939
2.0839108,6.458190999182989
2.3363555,7.115211999916937
2.0557947,5.871757000022626
2.009098,5.528191001758387
1.9814178,5.121172999679402
2.0048097,5.4501170006915345
2.146134,6.9024929998704465
2.0082677,5.924125999626995
2.2943586,7.042978998470062
1.9392138,6.368477999785682
1.7731553,5.592957999397186
1.6709355,5.3821790006622905
2.3251502,6.956143000024895
2.2299655,6.242626999664935
2.171672,7.129836000785872
2.4275688,6.833041999925626
2.36232,6.777460000193969
2.5889336,7.542164000369667
3.332915,9.365869999783172
2.0465976,6.26236100015376
1.7276348,5.708560000130092
1.8008676,5.3477970004678355
1.5291914,5.696214998351934
2.091131,6.817196001065895
2.3226321,7.1896099998411955
2.3770769,7.214740000563324
2.1069219,6.3708640009281226
1.6985646,5.897105001167802
1.7939383,5.426134999652277
1.8739348,5.492620000040915
2.0648283,6.557167000210029
2.3344623,6.952040999749443
2.0207056,6.130743000539951
1.8007899,5.7395139992877375
1.6596731,5.355399999643851
1.3041762,5.198721000851947
2.2497821,6.947726000362309
2.3871388,8.129754000947287
2.1532449,8.352361001016106
2.0432617,6.557223000527301
2.0494603,5.925925999690662
1.8026354,5.529615000341437
2.0352026,5.802410999422136
2.231979,6.815397000536905
2.3221112,6.988942000134557
2.3974164,7.245411999974749
2.340537,6.37386600010359
1.7753666,5.777189999207621
2.1640299,6.591652998395148
2.0160062,6.157046000225819
2.4022957,7.369983998614771
1.9357249,6.205432000569999
2.3592319,7.288314001016261
2.4344518,7.648061000509188
2.3391536,7.256638999933784
2.0772108,6.782904999454331
2.3761301,7.9407769999306765
1.8137758,6.25545200000488
2.0339743,7.360666999375098
1.7769367,6.546268001329736
1.8474248,6.754069999260537
1.8076904,6.41585599987593
1.6342101,6.2376719988606055
2.1009718,7.045204001769889
1.632925,6.05564699981187
1.6173308,5.612893000943586
1.6499309,5.29219199961517
1.6943314,5.683518000296317
1.6475325,6.3652810003986815
2.0176292,6.1749550004606135
2.1699122,6.779598999855807
2.457198,7.425322000926826
2.1045815,6.228326000382367
1.8234903,5.719848001717764
1.7852974,5.319559000781737
1.6914979,5.9850880006706575
2.0460827,6.519430000480497
2.3978519,7.422026000313053
1.885666,6.25568099985685
2.0163591,5.794293999315414
1.8073043,5.452544000036141
1.7811836,5.264250999971409
1.849168,6.771493000087503
1.6610433,6.555871000273328
2.1954532,6.721530000504572
2.4830441,7.687135000196577
1.8392281,6.064707999939856
2.1600139,6.916031999935512
2.3441887,6.696220999401703
2.1334855,6.675876000372227
2.4190233,7.437348001076316
2.0991253,6.298391000200354
1.8401381,5.8016150005641975
2.1328614,5.756399000347301
2.2043639,6.191006999870297
3.3418143,12.041832000249997
2.2511048,8.59524300085468
1.6747548,5.9870449995287345
1.8084475,5.443363999802386
1.7740984,5.212965999817243
1.7679017,5.158465000022261
1.8234275,5.851015999724041
1.9480888,6.625385000006645
2.2665819,7.632290999936231
1.7380796,6.240515000172309
1.6486578,5.676864000633941
1.7121089,5.396301001383108
1.6400731,5.261207999865292
2.2818088,7.017718000497553
1.9187871,5.936724001003313
2.4276274,7.355007999649388
1.9341645,6.117656999776955
2.4103515,7.212503999653563
2.1659125,6.412699999600591
2.3611986,7.200836001175048
1.8479968,5.8679250005297945
1.8685763,5.555337999794574
1.9294558,5.365672999687376
2.3851844,7.158429000810429
2.3089763,7.717730999502237
2.5108865,8.141289000377583
1.9906576,6.231435000700003
1.8271561,5.6972630009113345
1.7879442,5.329632998837042
1.7869903,5.207163999330078
2.2350782,6.759216998943884
2.2425808,7.386887000393472
2.1142922,6.4887850003287895
1.8779723,5.883021999579796
1.774165,5.4845419999765
1.718298,5.194626000957214
1.8765447,5.971588000647898
2.0281118,6.1272589991858695
2.5786866,7.4623540003813105
1.9661284,6.064666001293517
1.8148989,5.576434000431618
1.7712199,5.3031489997010794
1.5822925,5.265695000161941
2.3052371,6.820682998295524
2.1526811,7.407316998978786
2.1162479,8.019119000891806
2.0116848,7.472328999938327
1.9966028,7.838210999580042
1.7008127,6.434314999751223
1.7953409,5.7730119997359
2.1459929,6.905768998876738
2.3673743,7.843248001336178
1.9905793,6.585616999473132
2.3083593,7.114483999430377
1.8573822,6.116591999671073
1.8506231,5.769894999502867
2.1485113,6.89859200065257
2.6769952,7.7302150002651615
2.1072396,6.466167000326095
2.3872405,7.693615000789578
2.094614,6.263899999794376
2.5317451,7.563785999991524
2.090448,6.291865999628499
2.0075012,5.881512999621918
2.0591029,5.895276000956073
2.2444062,7.309363999411289
2.318768,6.853602000774117
2.3967115,7.359331000770908
2.2748857,6.213172001480416
1.9001587,5.703212000298663
2.4990103,6.6621799996937625
2.1805697,6.390943999576848
2.3890206,7.170732999838947
2.1560726,6.052884999917296
2.310393,5.623443000331463
2.1001223,5.365300000448769
2.2504944,5.938862998846162
2.3777535,6.756263000170293
2.1616163,7.74793500022497
2.4341154,7.947707999846898
2.0591758,8.008063999113801
2.1608073,6.47979600034887
2.1332397,7.078531000843213
2.1685882,6.841807999080629
2.1035097,6.379598999046721
2.0713916,6.0481099999378785
1.8175065,5.541487000300549
2.0974899,6.091253999329638
2.058465,6.283373999394826
2.2185261,6.828142000813386
2.0673801,6.098218000261113
2.0250065,5.665235000378743
1.7443285,5.400303000897111
1.7918619,5.299683998600813
1.964895,5.818199999339413
2.067188,6.354160999762826
1.8766022,5.5724540006849566
1.80371,5.414813000243157
1.826243,5.224823000389733
2.1048784,6.651005998719484
2.4542471,7.363523999629251
2.4986711,7.505055000365246
2.1147548,6.496366999272141
2.6651282,7.933163999041426
2.443918,7.319484999243286
2.3741228,7.1155249988805735
2.3437166,6.980000000112341
2.321819,6.547778999447473
2.6596318,7.8502009992007515
2.1249735,6.441106999773183
2.4970231,7.210221000605088
2.0852158,6.114353999691957
2.4646118,5.799210000077437
2.0159285,5.453986999782501
2.7896633,7.315007000215701
2.3898716,7.091096000294783
2.1134028,6.461090999437147
1.8425947,5.837947999680182
1.9367169,6.228542999451747
1.8068035,5.360124000617361
2.3673052,7.077944999764441
3.4539995,11.962799999309937
2.0894218,7.032219999928202
2.0615324,6.007404999763821
2.0301555,5.396131000452442
1.9164291,5.205172999012575
2.6827445,6.937967000339995
2.606901,7.398321999971813
1.7641039,6.297593999988749
2.10423,7.3283090005134
2.0281588,6.474210000305902
2.6615919,9.018452999953297
3.1537775,14.955704999920272
1.5816538,7.719811001152266
1.8203761,7.601063000947761
1.5291184,5.46396600020671
1.6065683,5.258528998638212
2.1402351,6.5210500006287475
2.002712,6.656812999608519
1.9901921,6.210993999957282
2.0314182,5.709441999897535
1.8778507,5.5937430006451905
1.7776183,5.502748000253632
2.3299171,6.837629999608907
3.4068613,11.100132001047314
2.4179752,8.654161999402277
2.4452439,7.684971000344376
3.2160674,11.763398999391939
1.6963822,5.866545000571932
1.8457207,5.677208999259165
1.5716609,5.173408999326057
2.0690859,5.180518999623018
2.4330511,6.776334999813116
2.4557691,7.4174159999529365
2.4235014,7.186845000433095
2.1492284,6.540530999700422
1.991543,5.987456000184466
3.0611047,11.864388001413317
1.7310306,7.295839998732845
2.2226101,7.05106299938052
2.6439972,7.7214389993969235
2.7797225,8.548738000172307
2.068032,6.036746999598108
3.3073256,10.686057000384608
1.4337335,5.128715001774253
2.1446132,6.786297000871855
2.1006235,6.0409759998947266
2.3161499,7.173958999374008
2.3601048,6.514542000331858
2.4133123,7.630942000105279
2.3904218,6.346813998789003
2.0272705,5.682572000296204
1.8101202,5.524660000446602
2.6944505,8.568940999793995
1.9141731,6.425174000469269
2.4991934,7.7639810006076
2.1450492,6.697645000713237
2.4763513,7.0796739992147195
3.2773869,9.721691999402537
2.1592458,6.6127549989687395
2.1047681,6.429133999517944
1.7932759,5.3585699997711345
1.9575727,5.4252680001809495
2.3959468,6.890670999382564
2.2167756,6.190333000631654
2.289052,6.984773000112909
2.2288184,6.08676800129615
1.9852076,5.621272000098543
2.084009,5.542208999941067
2.9707357,8.42982199992548
2.4798768,7.669526999961818
2.3094932,6.5784779990281095
2.6678199,7.989910999640415
2.164877,6.715029000588402
2.1297326,6.605077999665809
2.0625902,5.967361998955312
3.4255695,11.001723999470414
2.0762322,9.229516000232252
1.6952177,7.104345998413919
2.0710504,6.042422000973602
2.4043278,7.359965999967244
2.5005624,7.680936000724614
2.0944636,6.232788000488654
2.057182,5.938713000432472
1.8036744,5.411666999862064
1.5819596,5.258630999378511
3.1915579,10.821390000273823
2.103762,7.262659999469179
1.8861116,6.800813000154449
1.6694533,5.570919998717727
1.783138,5.179404000045906
2.2146231,6.621203000577225
2.3071597,7.405452000057267
2.2673631,7.373793000624573
2.0057342,6.642354999712552
2.077391,6.205398000020068
1.8527704,5.889557999580575
2.4326751,7.511626000450633
2.0756443,6.244227000934188
2.2533808,7.252410000546661
2.1116314,6.7726890001722495
1.8005452,5.577078998612706
1.5188593,5.230386999755865
1.9326057,7.041182000648405
1.8773906,6.843923999440449
1.9265804,6.550273000357265
1.8837094,5.8007690004160395
1.6627582,5.507990999831236
1.7928668,5.28241799929674
1.6409742,5.6985330002135015
1.8806397,6.3457409996772185
2.0619445,7.498164999560686
2.3256496,8.064888999797404
1.951071,6.6584400010469835
2.2163386,8.051298000282259
1.9548882,6.6931010005646385
2.0608526,7.109665999450954
1.6543899,5.957149001005746
1.7431451,5.609728000308678
1.6391254,5.400084000029892
2.0505907,7.245537000017066
2.3940406,7.222668999929738
2.0255451,6.400553999810654
1.826,5.809766000311356
1.5748058,5.4647310007567285
1.6787097,5.142951999005163
1.8259785,6.662564999714959
1.9702795,7.060024000566045
2.0144514,7.4041769994437345
1.9427037,6.571158000042487
2.3605481,7.702107999648433
1.9461445,6.404148000910936
2.1868355,6.96978899941314
1.9337055,6.221486999493209
1.9322705,5.593919000602909
1.7218407,5.295217999446322
2.5311515,9.475961000134703
1.9238803,7.479500999579614
1.8990241,6.214092999471177
2.2808791,7.576809998681711
1.9595602,6.388444000549498
2.1806255,6.943902998500562
1.8630142,5.839420000484097
1.8151166,5.600188999778766
1.7747155,5.332158999408421
2.1777533,6.923009999809437
2.388639,7.152874999519554
2.4704515,7.4921919986081775
2.090314,6.217684000148438
1.6975746,5.765244000031089
1.506388,5.38174899884325
1.443455,5.201992000365863
2.04856,6.798759999583126
2.2491791,7.128961000489653
1.9405196,6.146098000499478
1.708626,5.822842999805289
1.7882567,5.220944000029704
1.627301,5.167369000446342
3.4074088,13.926974000241898
1.4437011,6.546440999045444
2.265621,7.671129999835102
1.8802008,6.030695999470481
2.4214218,7.921330000499438
2.1466708,6.847226000900264
1.883706,6.433463000576012
1.9718571,6.521913000142376
1.8679281,5.859607998900174
1.5955708,5.386017001001164
1.7746933,6.669643999885011
1.9191001,7.646322002074157
2.2982454,8.018808999622706
1.9175326,7.335958999647119
1.5709384,5.6939709993457654
1.5137763,5.362112999137025
1.5353882,5.443597999146732
1.8364279,6.264427000132855
2.414452,7.5273479997122195
2.2139868,6.945399999494839
1.9779426,6.3563599996996345
1.6377002,5.73735400030273
1.5111661,5.433782999716641
1.5514128,5.157472000064445
1.8881442,5.979557999125973
1.697125,6.215932000486646
1.7139683,6.80151500091597
1.5920546,5.750443999204435
1.6415572,5.461235000439046
1.5300642,5.158506999578094
1.6288196,5.072235000625369
1.8000571,6.738338999639382
1.7744476,5.733791000238853
2.3183661,7.334328999604622
1.7402015,6.058846000996709
2.1354974,6.985944999541971
2.2805644,6.642274000114412
2.0834067,6.881014000100549
1.87238,5.991516999529267
1.5451699,5.145266999534215
1.655232,4.884506000053079
2.0004854,6.113010999797552
2.3503805,7.388916001218604
1.7087387,6.56918399999995
1.9726009,6.916760001331568
2.0833527,7.057357999656233
1.9215087,6.836919999841484
1.6945795,5.925130999457906
1.6720941,5.419566000455234
2.0026124,6.037729000127001
2.1077296,6.384426999829884
2.1899588,7.257421999383951
2.0722179,6.078716999581957
2.0065454,5.644860000757035
1.7577492,5.316372000379488
1.7068321,5.200299001444364
2.3263482,7.046771001114394
2.7490684,8.890977998817107
2.756328,10.091348000059952
2.4054113,9.079102000214334
2.7107464,8.378558999538654
2.4007282,7.3149369991369895
2.5582651,6.713634998959606
2.1880892,5.957080001280701
2.3352227,6.642139000177849
2.2731714,7.358931000453595
2.3343711,6.963550998989376
2.3131024,7.013926000581705
2.2667427,7.101504999809549
1.758496,6.368289000420191
1.5698505,5.771490999904927
1.9972289,7.476294001207862
1.5516115,6.106489000558213
2.9559326,8.762145001128374
2.395204,7.383915999525925
3.2194757,10.895849000007729
2.5484279,8.752243998969789
2.3141671,6.845988999884867
2.5035156,7.6552139998966595
2.2387517,6.467930000326305
2.1297912,6.795557999794255
1.8555673,5.927750999035197
2.1712757,5.599274000815058
1.8212757,5.637500999910117
1.8004827,6.785939999645052
2.7511251,6.841869999334449
3.3910691,12.039573999572895
1.2325553,5.751395000515913
2.5445941,8.655591999740864
2.1849476,8.34636699892144
2.3359358,7.880905000092753
1.9290434,6.524765000904154
2.1634071,6.7165359996579355
1.9735972,5.6833119997463655
1.7934342,5.376363001232676
2.5405754,7.765600999846356
2.5989087,9.123994000219682
2.1334704,8.131357001730066
1.9138115,6.402316999810864
2.2964323,6.923867999830691
2.3313427,6.8614470001193695
2.3940359,8.523020999746223
1.9968339,6.676615999822388
1.8369467,5.807994000861072
1.8036791,5.531282001356885
2.0570528,5.456723999486712
1.8029472,5.446359000416123
2.0469719,7.149366999328777
1.6554693,5.732126000111748
2.4999139,7.397646001663816
2.5475686,7.531283999924199
2.3700255,6.854607000605029
2.2928553,6.790792000174406
2.6503146,7.715934000771085
2.1139144,6.403196999599459
2.0466311,5.7718850002856925
1.8021245,5.41408200024307
1.9678246,5.864703999577614
1.9957136,6.7865689989048406
2.3889783,7.722370999545092
1.7888854,5.980465999527951
1.815625,5.497481998645526
1.7095608,5.202473000281316
1.7963585,5.6697540003369795
2.182783,6.138564001048508
2.3595996,6.908917000146175
2.253791,7.4310489999334095
2.6449763,7.037360999675002
2.0134992,7.683351999730803
2.389091,7.720626000264019
2.1636933,6.396020999090979
2.2156979,7.763960999909614
2.3620835,6.976882000344631
1.9723364,6.837335000454914
1.9322629,6.961940999644867
2.0360069,6.266477999815834
1.7334364,5.71225899966521
1.6165284,5.254916999547277
1.8879274,5.8418189983058255
1.8334947,6.55753699993511
2.2780873,7.368779999524122
2.1343197,6.350931999804743
1.6932376,5.742068998188188
1.6525287,5.327386999852024
1.7661717,5.169105000277341
1.9110983,6.8803280000793166
1.5992349,6.910576998961915
1.2754203,6.234413999663957
1.3934226,6.240360999981931
1.8317371,7.574139000098512
2.4542796,8.0936060003296
2.1908048,6.522293000671198
1.8547085,5.872936999367084
1.7521779,5.393683999500354
1.6896412,6.131904000540089
1.9589485,6.151350000436651
2.222339,7.223374000204785
1.8829651,6.173128999762412
1.4863772,5.686133000381233
1.5116472,5.3870500005359645
1.7289796,5.399649999162648
1.6336584,6.364933999066125
1.8418,6.748752999556018
1.8372517,5.733671000598406
1.4135948,5.18365000061749
1.301629,5.0518970001576236
1.4035546,4.811270000573131
1.6231524,5.095038000035856
1.8136862,6.061993000002985
2.0682668,7.2826969999368885
1.6652171,6.150511000669212
1.9187102,6.816593999246834
1.5394983,5.7575509999878705
1.5319009,5.307469001309073
1.4767266,5.069232999630913
1.6385255,5.851245999110688
1.5538562,5.844573000103992
1.7024814,6.525836999571766
1.5466823,5.708738000976155
1.5424491,5.2363820004757144
1.5100519,5.094525999083999
1.3760393,4.837244000555074
1.4971151,5.367748000935535
2.1624841,7.047371000226121
1.621877,6.312458999673254
2.1092996,7.185464000940556
1.5634305,5.811411000649969
1.6807182,5.329882998921676
1.3703125,5.1471199994921335
1.8019723,6.4419000009365845
2.6662021,10.778101001051255
1.605379,7.576611000331468
2.7882198,11.308978999295505
1.2153813,5.760822000411281
1.6215144,5.70336300006602
2.6742572,10.008704000028956
3.3267775,14.642792999438825
1.4006671,6.3811469999564
1.6307834,5.812774000332865
3.0037146,11.114529000224138
2.8460035,13.120921999870916
1.2163867,5.644347999805177
1.7360145,5.3686800001742085
1.7914404,5.408025999713573
1.7294561,6.160692999401363
1.7689691,5.26944499961246
2.0244923,6.988709000324889
1.9789523,6.30275500134303
2.1508691,6.944368999029393
2.9980733,10.280699999384524
1.9292479,6.149912000182667
1.7396236,5.66485399940575
1.5929597,5.254374000287498
1.791427,5.813486000988632
1.8375292,6.873006000205351
1.9676273,6.761243999790167
2.2941813,8.006540000678797
1.8300259,5.8934899998348556
1.6685914,5.4137420002007275
1.5486965,5.226190999565006
1.9260316,6.206480000400916
1.9483358,6.171684000037203
2.0553456,7.7411980000761105
2.3858882,8.027226000194787
1.7653806,6.86141400001361
2.3036424,7.505016999857617
2.0360901,6.316134999906353
2.2028048,7.381278998764174
2.1499192,7.194085000264749
2.1096284,6.392957000571187
2.0476507,5.87327599987475
1.7759568,5.461683999783418
1.7017117,5.332023000846675
2.1232936,6.635431998802233
2.3367891,7.185247000961681
2.0845484,6.2634479991174885
1.8218484,5.700607000107993
1.8810503,5.367582999497245
1.7834917,5.306336999638006
2.3644159,6.973007999476977
2.3319826,7.006581999121408
2.5588117,7.685316000788589
2.095904,6.380439999702503
2.6214306,7.52523699975427
2.1169005,6.271100999583723
2.2866797,6.790221000301244
2.1409611,6.532558000799327
2.1166454,6.473977999121416
2.3171354,7.406802999867068
2.0114337,6.530292000206828
2.2524125,7.835416000489204
1.9845816,6.5358579995518085
1.9613308,7.301730999643041
2.0568937,7.244454000101541
2.5284092,8.056145000409742
2.1545386,6.62427800034493
2.3705625,7.685174999096489
1.9732139,6.1293159997148905
1.8732211,5.66252099997655
1.7822052,5.339870000170777
2.0277264,6.498923000435752
2.0195385,7.457040999724995
2.2876034,7.643304000339413
2.2398676,7.643281999662577
2.0781669,6.486663000032422
1.8290847,5.756317999839666
1.6727638,5.456021999634686
2.0567997,7.199593999757781
2.321518,7.4012049999510054
2.4500586,7.747092000499833
2.6950924,7.553329000074882
2.8364426,8.055791999140638
2.0539729,6.386728999132174
1.7809441,6.027924999216339
2.3681791,7.062034000227868
2.4464591,6.305695000264677
2.156981,6.931783002073644
2.3539451,7.186689000263868
2.3420121,6.746170000042184
2.2181075,5.906148999201832
1.9419609,5.487414001436264
2.0802036,6.1159680008131545
1.9842002,6.153370999527397
2.3862946,7.258298998749524
2.1094334,6.503558000076737
2.4440726,7.587692000015522
2.6286874,7.581765000395535
1.8819636,6.8473360006464645
2.0868392,6.33181700050045
1.5822417,5.787953999970341
1.4565904,5.487964000167267
1.5679297,5.1213060005466104
1.5088449,5.342460000974825
1.7895232,6.341991999761376
1.471146,5.618354000034742
1.5379785,5.378243999075494
1.5742802,5.114973000672762
1.5521742,5.043941999247181
2.0530682,6.714031000228715
2.2861687,7.3680619989318075
1.9607323,6.5090409998447285
2.4606473,7.7018389993099845
2.466077,7.4887119999402785
2.6456234,8.058135998908256
2.1094441,6.424703999982739
1.8164026,5.842929998834734
1.7879351,5.383988001085527
2.2295039,5.630011999528506
2.6252923,7.000607998634223
2.2663603,7.293077998838271
2.0204899,6.156898999506666
2.4621767,7.692682999731915
2.5568652,7.644247000825999
2.6941972,8.260861000962905
2.1762741,6.545016000927717
2.0583353,5.945390999841038
1.9832499,5.492329999469803
2.1305468,6.022382000082871
1.8219125,6.8352460011738
2.1337777,7.416680000460474
1.777527,6.38154100124666
1.6952489,5.808268000691896
1.6435628,5.365023999729601
2.0402881,6.176111999593559
2.2056571,6.434373000047344
2.3965096,7.411520000459859
2.0701417,6.232277000890463
2.2222167,7.23183299851371
1.5086448,5.237322999164462
1.6355294,5.565362999732315
1.9475992,6.415333999939321
2.3530527,7.117475000086415
1.8771762,6.112202999247529
2.6941598,6.8585369999709656
2.5217986,6.687007999971684
2.6879132,7.497285000681586
2.4141765,7.7749729998686234
2.0930214,6.3623669993830845
2.2523732,7.705565000833303
1.8027781,6.005708000884624
1.8044433,5.625702000543242
1.5165293,5.256070000541513
1.887099,7.001955998930498
1.8921885,5.967050999970525
2.1567761,7.255906999489525
2.0755294,7.839045001674094
2.1528778,7.1893070016813
2.1484958,6.492262999927334
2.3670342,7.891907001067011
2.0101077,6.395548000000417
2.1113781,7.180134000009275
2.0499958,5.972257999928843
1.7716072,5.514916999345587
1.776293,5.203794999943057
1.960376,6.969901999582362
2.0714852,7.863413999984914
1.8141534,7.553575001111312
1.8562888,6.491597000604088
1.5412814,5.914671998652921
1.4921422,5.39561699861224
1.8199662,5.228439999882539
1.6826097,5.349719000150799
2.1493692,7.001229999332281
2.6028201,7.946985000671702
1.9877014,6.755691000762454
2.4934276,7.9525870005454635
1.9159081,6.29958900026395
2.009269,6.422771000870853
1.9926719,6.892124999467342
2.3445908,6.674746000498999
2.2914861,7.661168001504848
2.001058,6.338643999697524
1.7514856,5.18487599947548
1.9732583,5.77112999962992
2.2719394,6.1624280006071785
2.332287,6.737433999660425
2.3129882,7.78457099931984
2.1798261,6.61880299958284
2.2771574,7.694934000028297
2.343123,6.693917999655241
1.9929907,6.942467000953911
1.7013435,5.7755060006456915
1.797804,5.413222001152462
1.8608455,5.7673380006235675
2.0869023,6.408281999938481
2.3570244,6.841991000328562
2.4569478,6.5391160005674465
1.6928588,5.785178000223823
1.3469929,5.295031999594357
1.541759,5.557246000535088
1.846752,6.577698999535642
2.0126142,6.972174997827096
2.3053136,7.5911769999947865
2.2253936,6.642947999353055
2.3354029,7.677150998461002
1.9279609,6.547617999785871
2.3972116,7.240271000227949
2.1223487,6.1016619993097265
1.7761742,5.691047000254912
1.8460562,5.627493999782018
2.1194721,6.775165999897581
2.2244434,7.121200000256067
2.1588525,7.358842000030563
1.8705059,6.719815000906237
2.3072069,7.7668290005021845
1.9313895,6.4871559998209705
2.225103,7.116656000107469
2.0071005,7.103163000465429
1.8102097,6.528079999952752
1.6578997,5.900796000787523
1.6563487,5.235081000137143
1.5459319,6.159384000966384
1.9661859,7.179487000030349
1.7135078,6.48111999998946
2.5080533,10.246957000163093
1.377971,6.296505000136676
1.4396947,5.112472000291746
1.3457413,4.809408000255644
1.4333944,5.288792000101239
1.7636077,6.730737999532721
2.0745139,6.968357999539876
2.209674,7.508450999921479
2.2751135,7.827612000255613
1.8276808,6.238239999220241
1.7997329,5.71979799951805
2.0293373,6.985628999245819
2.0425736,7.606095000483037
1.9329088,6.5834039996843785
1.8820349,5.902895999497559
1.7609799,5.269719000352779
1.8572909,5.155431001185207
1.7966363,5.602551000265521
2.1316511,6.897106999531388
2.15287,7.167937000303937
10.9167493,74.30525500058138
0.9749025,4.471311000088463
1.7736132,5.361921999792685
2.3498998,5.710121999982221
2.0724076,5.895317000067735
1.7153389,6.907402999786427
1.4829727,5.699986000763602
1.540877,5.540725999708229
1.5461865,5.15327100038121
1.478853,5.126037000081851
1.5919754,5.161412000234122
2.1856749,6.605165001019486
2.4868031,7.465100999979768
1.9532447,6.382354000379564
2.4581517,7.8276979984366335
1.7585262,6.083366999519058
2.0694173,6.014541000695317
2.5949696,8.241776999057038
2.271602,7.3620510011096485
1.9350013,7.979388002240739
1.8231974,7.234423001136747
2.2033039,8.040644999709912
1.7238388,6.533073998980399
1.8621143,7.135554999877058
1.726713,5.93415100047423
1.5510835,5.430506999800855
1.8337006,5.279141999380954
2.1430941,7.965406999574043
1.9280371,7.000683000114805
1.9948082,6.954100000257313
2.0468766,6.345942999359977
1.7051882,6.346925999423547
2.2350073,8.833507999952417
1.4758676,6.273222000345413
1.5131743,5.6618790003994945
1.8420397,6.800051999562129
1.6572507,5.71535600010975
2.0444035,6.354061999445548
1.7541331,5.700167999748373
1.4793377,5.3130799997234135
1.5165951,4.946357000335411
1.7034217,5.404322000686079
1.7021263,6.0126080015834305
1.6211341,5.702039999960107
1.5574719,5.220732000452699
1.5835914,5.001819999961299
1.5945624,5.001192000236188
2.9019715,7.9531700002917205
2.3953901,8.478138000100444
2.3351412,6.68902899906243
1.8122988,5.757058000199322
2.0451914,5.708524000510806
2.2475522,5.610897000224213
1.9442602,6.27271199846291
2.5960284,7.5760740000987425
2.6566061,7.979998998962401
1.8676308,6.1881190003987285
4.2961475,14.935143000002427
1.6576537,6.194139999934123
1.5847475,5.29702299991186
1.9759638,5.272879999211
2.1478431,6.785625999327749
2.0854059,7.352125001489185
2.1790472,6.936714000403299
1.9480769,6.748005001099955
1.8318207,5.790754000372544
3.178581,12.74871500027075
3.1887983,14.261361999160727
1.7580779,7.745880999209476
2.2757727,7.655577000150515
3.1823449,9.81383900034416
2.0283081,6.911530000252242
2.388933,7.715689000178827
2.0820058,6.235758998627716
1.5672151,5.323101999238133
1.8815678,5.3578520000883145
1.7101953,4.932011999699171
3.362344,11.919596000552701
1.7902533,7.054818999677082
2.1556219,7.270356000844913
2.2978486,7.854117999158916
2.5269412,8.655301000544569
2.0923064,6.426838000152202
1.7483251,5.796892000034859
1.7952655,5.3617130006387015
1.6792076,5.218825999691035
2.2681908,6.638995999310282
3.2786453,12.569667999741796
1.4729154,6.092987999181787
1.7756163,5.474433000017598
1.5684454,5.16948400036199
1.7728557,5.165376999684668
2.2034496,6.6231259997948655
2.227999,7.35241600068548
1.7704409,6.226229000276362
2.4352111,7.707535999543325
2.7274602,9.986328001104994
1.890394,7.404035999570624
2.0919843,6.199248999109841
1.822689,5.772305999926175
1.5749336,5.269538000902685
1.6529349,5.658241000674025
1.8634417,6.822051999733958
1.6197069,6.123757000750629
1.6345703,6.133249000413343
1.5392073,5.311319000611547
0.8059514,5.056777000390866
0.6798794,6.109485000706627
0.7684379,6.839538998974604
0.6432405,5.815528000312042
0.5772615,5.284196000502561
0.5546444,5.032890000620682
0.5510464,4.971496999132796
0.5389659,4.807660001461045
0.7210117,6.704839999656542
0.7759837,7.217633000436763
0.6189381,5.665346000569116
0.5746406,5.263744000330917
0.5572861,5.133147999003995
0.539792,4.92475199916953
0.5321932,5.0044009994962835
0.6481911,6.064670999876398
0.9334513,8.834624000883196
