140.6228676,52.843977999145864
33.1495506,37.245351998535625
29.9696451,34.58009800124273
32.3604177,35.14128099959635
30.3629345,34.50272700047208
30.4108691,34.80431800016959
29.169482,33.562930999323726
29.8234851,35.43652700045641
31.6958128,36.44045799956075
31.0395558,36.20551399944816
30.6244088,36.94934700070007
29.6505146,33.65448099884816
33.0047631,38.75971299930825
29.5140295,34.130967998862616
30.6021806,35.28556200035382
30.313397,34.79402400080289
29.753762,35.12568699898111
37.1258615,43.02180299873726
39.0924706,45.64912699879642
37.2713142,44.023926998306706
31.0340566,36.90615599953162
29.8329435,34.33544399922539
29.5106097,34.738069999548316
29.5008103,33.61533800034522
36.0775858,43.504563998794765
35.8785252,42.29392100023688
30.2442185,34.86281200093799
31.1893989,35.20323899920186
30.4142969,35.25967899895477
29.4345908,34.68361399973219
30.4489705,35.78017299878411
29.6138654,34.890319000624004
29.4402284,35.02448600011121
29.4981589,33.97931999916182
30.107833,34.89218600043387
29.4557869,33.821015000285115
30.3170772,34.66160900097748
29.4223722,33.96892700038734
29.537584,34.37646399925143
28.5826823,33.75171199968463
30.8754438,37.26028799883352
31.0835086,35.9469020004326
30.047976,35.72446799989848
30.5044645,35.10780499982502
31.9401062,38.177931000063836
30.2592257,35.79984400039393
29.5238468,34.62498100088851
32.5483292,37.21870300159935
33.7745222,39.75038599946856
33.7198133,39.017183999021654
36.7700982,43.51049900014914
30.1926633,35.094463999485015
35.130225,41.778517000238935
29.6663487,33.705568999721436
30.7888906,35.115491000397014
30.2337765,35.03706600076839
30.8553922,35.36934800013114
29.3514039,33.914354999069474
31.0151761,35.47747200082085
35.2157486,40.563947999544325
32.5396172,38.54113200031861
31.9130531,36.75938700052939
34.2549215,40.997115000209305
30.269398,35.48377500010247
29.3915238,34.4617559994731
30.8407065,35.07837300094252
31.3073974,35.73602600044978
31.4239232,35.79427500062593
32.1006961,37.51157999977295
31.5381849,35.99011999904178
30.6049354,35.39332199943601
30.7432575,35.59951900024316
37.1055925,43.36752200106275
35.6457625,40.982372000144096
32.7227667,39.04836800029443
29.5627186,33.73955800088879
33.4719564,39.11626900116971
30.9667713,35.575477000747924
34.6065934,40.568874000200594
31.9062659,36.76659000029758
38.3433013,44.87559700010024
32.001632,37.64301899991551
33.9594997,39.238706000105594
38.5651639,44.24454199943284
35.4588156,40.873967000152334
36.2127198,41.85344200050167
40.1288436,47.98667400064005
33.6987218,39.03004200037685
31.284482,36.27940099886473
32.2965153,36.66797400001087
32.8603424,38.057825000578305
30.8290398,35.47963099936169
34.9997081,41.452032000051986
36.8120445,42.742447000819084
38.1559674,44.974390000788844
30.099319,34.02938599901972
34.4812529,40.96535600001516
35.9858871,41.997303000243846
41.0326666,47.96424899905105
35.6241833,41.086881999945035
30.9080149,35.130322999066266
31.8107805,35.44333399986499
31.0641641,35.59829000005266
31.4232186,35.18355899996095
30.3200161,35.98882899950695
31.0872463,35.74649600068369
35.5975059,41.06143300032272
32.7539264,37.934603999929095
30.5396437,35.781880999820714
33.6836434,39.13672099952237
29.2936135,34.030312999675516
30.0111111,34.29250699991826
30.8940203,35.17037399979017
30.1164514,34.61948100084555
31.5276202,35.91709400006948
32.292403,36.44571799941332
29.5875585,34.75834400069289
29.841765,34.27793199989537
30.6474873,35.46414299944445
29.9627057,34.16929600007279
29.8082576,34.51872300047398
34.0204426,39.64290099975187
30.5479457,34.74514000026829
30.8381965,34.41810000094847
30.2018497,35.20170600131678
30.5235328,34.35357900070812
29.9772599,34.95656199993391
31.4276179,35.56919499897049
30.6436141,34.9269420003111
32.2222512,36.15352099950542
32.1718829,36.34809400045924
31.5338038,35.814616999232385
30.4040337,34.782607999659376
30.6179359,35.075264000624884
31.6314141,35.940719999416615
31.9970694,36.39665900027467
30.9880404,35.7362219992865
30.2722401,34.82063100091182
30.8844074,34.76286299974163
33.3978425,37.210227999821655
30.8627801,35.708392998458294
31.0526216,35.00940199864999
32.6758414,36.57908199966187
38.1780071,42.347515000074054
39.7187832,46.102864000204136
34.9193009,40.606905999993614
31.444022,35.49376800037862
37.6805061,43.77127600037056
38.3201936,44.53391399965767
30.9580646,34.8472670011688
31.8915385,35.676825000336976
31.5000642,35.350087000551866
31.0652389,35.43621699918731
31.1835551,34.8847460008983
31.996242,35.82071799974074
35.2582735,40.38176299945917
32.6833188,37.74745400005486
30.6611357,34.36960699946212
31.1062338,35.51067300122668
31.778336,35.97113600062585
32.7368929,36.34091599906242
32.3442518,36.89180500077782
33.4590034,36.88153700022667
31.1147301,35.3130230005263
30.7533028,34.820868999304366
30.6504081,35.375927000131924
32.9442099,38.21551100099896
37.0739283,42.9966029996649
30.2515552,35.473117000037746
30.4233878,34.585144999255135
30.4616769,35.77654099990468
29.7005732,33.89858799982903
30.0621712,35.07921999971586
29.4882512,34.417056999700435
30.2536968,34.72338000028685
30.2755594,35.18300000087038
31.1852802,36.316263998742215
29.4293324,34.342117000051076
29.7039797,34.439963998920575
30.7110052,34.698935999585956
29.7968079,34.433724998962134
29.8070082,35.09899399796268
36.0559343,42.531979001068976
31.253923,36.05975499976921
29.7092072,34.335985999859986
29.1821632,33.202704999894195
30.3736,35.80581199912558
32.8318463,38.078093999502016
30.6380953,35.43813900068926
37.1696973,43.42221200113272
33.7427564,40.329635999114544
29.5649901,34.00415699979931
32.8181201,37.927568999293726
30.646,34.79260299991438
36.1729299,42.512908001299365
33.7783019,38.985476999187085
30.6842915,34.873593999691366
29.8647029,33.98800300055882
29.0895448,34.10023300057219
29.5693451,34.050635999847145
36.1960715,42.2577569997884
38.3243174,44.12697099996876
34.0114478,40.46514299989212
28.8996496,33.95962200102076
29.783641,34.617868999703205
30.3883314,35.418908000792726
29.5369735,34.8666959998809
29.6808436,33.841129000393266
29.5717062,34.42403600001853
30.7276463,34.896888999355724
30.3477016,35.47387999969942
32.3729623,36.940524000783626
33.9221164,39.524674000858795
34.5356982,40.53040899907501
46.9550066,54.78995299927192
47.5019849,55.20335100027296
45.9903689,54.77296200024284
39.5129553,45.168388999627496
51.7592503,61.20307500077615
50.9885411,59.21129299895256
50.0178911,59.75601600130176
45.2071851,52.437334999922314
42.9071341,49.98143700049695
42.8254857,50.011227000140934
50.7364841,60.35445599900413
46.9689301,54.79610599923035
43.5090088,51.73635199935234
47.8594153,55.27160600013303
49.4163008,58.045186999152065
46.7954643,54.23512999914237
44.4728222,51.61134399986622
42.1504865,49.25853900022048
49.1860807,57.40326599971013
43.1179584,51.0848440007976
46.5951071,53.926456999761285
41.4934108,47.848147999502544
40.6595485,47.064006000255176
40.947079,45.70162699837965
38.3291887,44.92485800074064
39.6154786,44.265761998758535
42.4773971,48.77916500026913
41.478745,47.6718259997142
45.2817037,53.191658000287134
40.577317,46.65416900024866
39.5661557,46.99849899861874
40.6709347,46.59319799975492
40.5035544,46.93087999930867
41.2206355,47.749194000061834
40.3616543,47.18256700107304
40.0179955,45.81257299923891
38.8571767,45.3460870003255
39.1677685,45.18532300062361
41.2272123,47.8777700000137
41.2243511,47.08711300008872
42.0675315,49.130635000437906
41.4417788,47.353001000374206
41.352306,48.378300999502244
40.8316123,46.71887800031982
40.4511663,46.77476300003036
43.5391787,51.12969899983
39.4755935,46.69650499999989
39.1120793,44.91322299872991
40.3567195,46.080549000180326
39.6072353,45.869509000112885
40.5449355,46.7667299999448
40.0068104,45.85256000063964
42.1261207,49.74101999960112
41.9622317,48.20248700070806
40.4757453,47.403783998561266
41.3325151,47.431794000658556
39.7298549,46.86773899993568
39.8889822,45.19404299844609
40.0035697,45.774956999593996
40.0220392,45.71334600041155
39.2422645,45.53640300036932
40.0500062,45.38609799965343
39.1684179,45.090778999110626
41.3753652,46.788104999905045
40.2990682,46.74254099973041
44.5760924,50.44963300042582
42.1657926,49.23336600040784
44.7175441,51.6838400008055
44.8797116,52.483315999779734
47.1177984,54.209685999012436
49.3284108,58.68672799988417
39.8766465,46.48784500113834
48.7675374,56.40345800020441
50.6500117,59.574862000772555
40.6917915,48.01002700060053
39.0206074,44.560048999301216
41.7326128,49.64958300024591
41.1168951,47.76593999940815
42.0300293,50.075408999873616
38.8033565,44.34304199912731
37.7597253,44.80248300023959
38.9409872,44.269189999795344
38.2597289,44.883292001031805
38.9830225,44.820529999924474
39.4441837,46.413877999839315
47.7964615,55.554481999024574
39.9665808,45.453058000020974
43.9245008,51.64587899889739
38.8442582,45.26624200025253
38.9923082,44.758319999345986
39.075154,45.390634000796126
40.4945284,45.842945000003965
47.663967,56.808951000675734
39.5600887,45.6072850010969
38.2840723,45.061726000312774
39.1032984,44.741208001141786
37.7130174,44.28354100127763
38.9105075,44.734620999406616
39.2092898,44.98193400013406
39.1300568,44.69057099959173
39.1297129,44.95623900129431
38.8016797,45.07053999986965
39.3371862,45.142833000682
39.2593328,45.89329400096176
37.6226961,44.127563999609265
40.5242208,45.185234001110075
39.4525206,45.970566999130824
38.7594243,45.135931999539025
40.6201367,45.764323999719636
38.9933506,45.890240000517224
39.6679664,45.17287899943767
40.1647245,45.824519001143926
40.6696925,46.31355299898132
39.8466516,46.003522999853885
41.5532753,46.919303998947726
40.9994802,46.88962700038246
41.6169081,47.60093199911353
41.4019812,47.502058000645775
40.87492,47.081403999982285
40.9426256,46.37313699913648
40.0735649,46.19327999989764
39.2005381,45.231725000121514
38.4709751,45.284489999176
40.2022479,44.80444800083205
39.4676658,45.4489410003589
41.79691,47.26002799998241
40.1063993,45.464501999958884
41.2297202,47.015069999361
47.1624702,54.929709999669285
43.3491337,49.178809999830264
40.3228672,45.48369700114563
41.8364458,47.003914999550034
45.5404909,53.33618900021975
39.6877252,44.57062900019082
38.8110622,45.49814599886304
40.1805829,45.65246299989667
39.3908375,45.6391519992394
39.5479313,45.49159099951794
41.2500607,47.9067500000383
39.438016,45.66276600144192
39.9132802,47.20619700037787
38.2694945,45.01383600108966
43.1948981,51.47813299936388
49.0191723,56.15907599894854
42.1546212,49.350397999660345
39.8692922,45.36573200039129
40.1549734,46.20193800110428
39.9617785,45.241323000482225
39.2435895,45.83743800048978
43.0414215,48.76315300043643
40.0065738,46.329802999935055
45.4665071,52.833552999800304
43.2001564,50.42839499947149
44.7179844,52.53438999989157
39.6996309,46.45315099878644
48.9080632,56.47826400036138
39.9432722,45.69024600004923
40.9295746,47.044767000443244
41.6890954,47.94061099892133
46.0839801,53.61988599906908
41.3090159,47.90286399929755
40.6312077,45.371232999968925
39.932797,45.51406299924565
41.148743,47.27781499968842
41.0149313,46.7834999999468
40.9124862,46.238531000199146
40.8188853,46.13445599989063
42.4493407,46.730848999686714
41.2728606,46.310789998642576
42.5242677,47.73312299948884
43.5623022,48.343213999942236
42.1563884,46.91090500000428
42.289662,47.40247200061276
43.2353762,47.76262400082487
41.6555036,46.986110999569064
42.9983888,48.23926500012021
53.6785039,59.80225200073619
52.9150517,60.36795499949221
38.8468579,45.161125998674834
40.4393046,45.15200800051389
43.3046907,48.78894199919159
41.2339996,46.92446100034431
40.5376649,45.98344999976689
39.8076758,46.33246100092947
40.0083119,45.495974000004935
41.3457001,48.187802999564155
41.3010988,48.179516999880434
40.0954465,47.13908600024297
41.3455738,47.32106699975702
41.2774319,47.30212700087577
39.6672436,46.15313099930063
43.1474437,50.45363499993982
42.1863568,49.18942999938736
43.2815282,49.6148180009186
42.4358385,48.90842200074985
41.7694761,47.6835490007943
40.9873929,46.72527100046864
41.1023837,46.79233299975749
40.0749792,46.03612299888482
40.1498185,45.725469000899466
40.8160703,46.5627459998359
42.1750919,47.48965299950214
42.3663473,48.61477699887473
42.6896468,48.38346099950286
41.632536,48.52059699987876
44.2625924,51.40616200060322
44.7567729,52.34456199923443
45.7957776,52.61989500013442
41.7784876,47.51589599982253
41.1731936,46.57769000004919
41.2008891,47.073767999791016
42.002608,47.73148200001742
43.1332531,48.9209209999899
43.033388,48.13600500074244
41.6078092,46.854904000610986
42.2279541,46.20642699956079
42.1289466,47.21820800023124
42.0743372,47.157262999462546
40.5084468,46.29061099876708
40.753562,45.440400000188674
46.3299111,51.993330999721366
45.5288618,51.57119699924806
51.1440466,58.08843800059549
46.5969371,51.574787999015825
48.1324009,54.0463200004524
51.1313676,57.90538900055253
49.0953046,56.40944000060699
48.4233493,55.114594999395194
45.8022802,51.76558000039222
55.3205998,64.01722099872131
45.0333374,51.33832300089125
46.866978,52.794367000387865
44.9305567,51.71875600080966
44.4368835,49.346228001013515
44.929473,49.96312799903535
45.0075252,50.22308899970085
43.3662622,49.015461000635696
43.9577674,49.36290299974644
44.0005596,50.2829440001733
43.8362967,49.544663998858596
41.6142982,48.5877340006482
42.1694121,46.9803129990396
42.2425289,49.052569000195945
42.0248731,47.43100999985472
41.9167268,48.03557099967293
41.1717542,46.831592999296845
41.4197606,47.59820999970543
40.8004376,46.22103000019706
40.1420653,46.1570869993011
49.9157044,56.523262999689905
46.6667334,54.10327000026882
45.5359085,51.789943999210664
41.1366796,47.51579099956871
41.0937449,47.70220099999278
40.3910782,47.19195100005891
40.065149,45.95906199847377
39.4129624,45.24068300088402
41.3228682,47.0487470010994
42.7224628,49.37662499924045
40.9430742,46.3227359996381
40.9032751,47.12104099962744
42.1872649,47.9033609990438
52.5092436,61.496874999647844
42.0972958,48.18919500030461
41.6318576,47.234810999725596
41.8914935,46.429584998804785
46.0979799,52.866529999846534
41.2020051,47.44476499945449
43.2209821,48.13895200004481
42.8410923,48.24349400041683
39.3799761,47.96865699972841
41.7141471,47.44068999934825
43.3030817,48.32768899996154
43.4779463,49.10652900071
46.2246371,52.87572699944576
51.3089439,57.67221500082087
45.6829484,52.402958001039224
42.1792111,47.48323900093965
42.1961016,47.41322500012757
42.0969272,47.65728399979707
45.6799423,51.53317700023763
42.437478,47.579066999787756
51.9666773,59.06637899988709
50.9622966,58.80467800034239
52.675533,60.933284999919124
53.5145339,61.58805900122388
42.9794523,48.54547599916259
45.2788696,53.19654399954743
44.5270969,51.56200999954308
41.4387315,48.25807100041857
39.5599996,45.772606000355154
39.5271739,45.89153599954443
48.767089,57.16624700016837
40.5107219,47.26063999987673
39.4257948,45.674621000216575
41.531784,47.67799700039177
38.3976918,45.16460200011352
40.1650076,45.153134999964095
39.0002165,45.22158300005685
39.9081615,45.6277270004648
40.0392527,46.3128860001234
40.847517,46.178893999240245
40.3529165,46.4583759994639
39.8692813,45.365490998847235
39.9099328,45.96766499980731
40.4561968,46.42135300036898
42.1141325,49.324574000820576
42.6374022,48.58483600037289
41.0095906,47.85947000073065
42.5581571,48.62841500016657
43.3190521,48.571299998911854
45.6932983,52.74208199989516
43.1430745,51.235589000498294
49.6095382,57.737296999221144
43.2348742,50.332521999735036
41.666239,48.24472399923252
39.2360108,44.988126999669475
40.3230102,45.68200199992134
44.9621646,52.78825599998527
39.0169063,44.65550199984136
38.7689457,45.56110900011845
43.2767101,50.15246800030582
37.8592242,44.808036999711476
39.653701,44.79911999987962
38.9553907,46.106069999950705
40.1945522,46.24889600017923
39.6261012,45.7233039996936
40.8241145,45.642246999705094
38.0094589,44.93297900080506
39.9370751,45.284160000846896
40.6051029,47.23103100059234
40.1062753,45.4756159988392
38.6747872,45.734209999864106
39.6584432,45.952619999297895
40.5986712,49.0035769989845
39.6294369,44.83417899973574
39.4341855,46.406056000705576
39.5977297,45.553222999842546
44.8464625,52.534607999405125
44.9512893,50.84596300002886
42.1757352,48.68522400010988
42.0071451,47.76453300019057
43.7633607,51.00018200027989
42.5107872,48.7242770004741
43.2120639,50.68420800034801
41.6104331,47.219467999639164
40.4147946,47.77515799924004
41.605686,47.90587299976323
40.8899684,47.107188000154565
41.642181,47.069301000192354
39.788116,47.13238600106706
40.4834703,45.79144699891913
39.1872961,45.30910700032109
40.8862317,46.59590899973409
41.5197393,48.55998999937583
41.0905623,46.20153999985632
39.3778574,45.20713500096463
39.928645,45.793535999109736
39.7644649,45.89566300091974
40.6328247,46.082546999969054
39.5800816,46.505376999448345
40.6558548,46.77724599969224
39.6481333,46.46209800012002
40.5874463,45.91835000064748
39.7426447,45.65927099883993
40.2408816,46.0819209993133
39.9920825,45.28713999843603
40.1828736,45.63366299953486
41.4107434,49.32804600048257
43.2074785,48.78705000010086
40.4323174,47.34575800011953
50.964865,59.06473199956963
54.0083084,63.55887699919549
50.7054506,58.88532299923099
50.8823436,59.6334689989817
50.2168776,59.01616499886586
46.6826033,54.74744099956297
48.2526358,55.90327300069475
49.9610837,59.156581998649926
49.1153254,57.084411000687396
48.1765909,57.44749499990576
48.4055718,56.89156400057982
47.6377547,55.012279999573366
50.0584528,57.914355999855616
49.203459,57.816977999209485
48.2244631,55.88232800073456
50.7170933,60.28029599929141
50.5997651,58.94352799987246
50.7453312,59.959397000056924
49.9951406,58.42866500006494
52.3811242,62.02276200110646
50.8541495,58.74629900063155
49.0792632,57.95138500070607
49.7790939,58.09372899966547
49.7708545,59.499478000361705
48.4274902,56.17209199954232
51.4813604,61.636305000320135
48.5403384,56.19502400077181
46.7164903,54.832838000038464
39.9197532,46.09546699884959
40.0378328,47.26692300027935
40.8929365,46.54426799970679
40.5650933,47.503966999101976
39.991715,45.992293999916
40.356992,46.84399500092695
40.7125277,46.81804099982401
40.8912441,47.71207499925367
42.9844416,48.12797400063573
40.3161111,47.10185400017508
40.1151786,46.937527999943995
40.9529879,48.598948000289965
42.30745,48.87650199998461
40.7800983,48.64678299963998
40.4727085,47.2153860000617
40.2265557,47.37356099940371
42.2236514,48.0130839996491
40.9716306,48.3821279995027
43.7519814,50.860527999248006
42.9099612,50.37784500018461
41.999274,48.20821200064529
40.3960822,48.05769599897758
41.9377585,48.56505800034938
42.1997287,49.65813299986621
42.6543621,49.808671999926446
40.791256,47.31292499945994
40.0086404,46.298096000100486
41.3600187,48.285617000146885
41.5714032,47.41185100010625
42.893684,50.44716000065819
41.6357834,47.36789199978375
42.6019561,49.06292699979531
41.5811823,47.657412001171906
42.31107,48.54433400032576
41.9253043,47.902870000143594
42.2524245,48.90347200034739
42.5755854,48.2138359993769
42.7449299,49.00165700018988
42.0420247,48.15071699977125
42.802013,48.893362999478995
42.4188115,49.14861700035544
44.0606615,49.857089999932214
44.1255542,49.74549600046885
43.4968096,49.27265999958763
40.5523774,47.356243000649556
40.6088853,47.358328000882466
40.7847313,47.346304000711825
41.057301,47.33626599954732
41.5042182,48.0473149991667
42.4825874,49.574329001188744
41.8089319,48.468771999978344
42.1257205,48.47443499875226
41.8245165,47.525981000035245
41.722971,48.010883000642934
41.9811791,47.72616299942456
42.0962319,49.288174999674084
42.3078395,48.042508999060374
42.6384929,50.84209500091674
43.9213068,50.346792000709684
46.8246101,54.79690800075332
42.9156196,49.393542999496276
42.161672,48.95233799925336
47.5263965,54.858176999914576
45.1426723,53.10163299964188
41.3605395,47.08602399932715
39.5803825,47.057353999662155
42.4351315,48.33567400055472
42.1826086,48.844466999980796
42.1252816,48.02708799979882
41.9295181,49.429024000346544
44.0560876,50.616510999134334
41.2131529,48.47275999873091
41.0167306,47.36087299988867
39.2470806,46.26362599992717
40.254261,46.059567000156676
40.3236433,46.45128600077442
41.2866382,47.34552599984454
45.5010176,53.25297800027329
40.2897908,46.50493699955405
40.497407,47.604973998204514
49.3459925,57.62711699844658
49.826406,59.130829000423546
50.3564739,58.15554900073039
50.3471989,59.30317599904811
39.4718651,46.22236000068369
41.7024281,47.773608999705175
40.7811185,46.77874499975587
40.9094353,47.655648000727524
40.9845155,45.86756899880129
40.976468,48.172060000069905
42.7545379,48.596407000331965
45.8234643,53.46473700046772
48.0650529,54.10227900119935
43.5236191,50.38709000018571
44.7692803,49.6634549999726
42.6741784,49.701319999257976
42.9265693,49.29026599984354
42.5243133,48.33756499920128
42.7868045,48.21024400098395
42.996552,49.53637600010552
41.7423829,47.905455001455266
42.8774857,49.452373999884
41.5889012,47.42705899934663
40.4420929,47.45825300051365
41.6094927,47.386337000716594
41.3630288,47.28674600028171
42.028368,47.97504499947536
42.1594131,49.25208299937367
42.6294188,48.43924699980562
41.1463804,47.73920700063172
42.7150388,48.345098000027065
42.5702891,49.10673499944096
42.8680284,48.12823399970512
42.7818069,50.26194000038231
42.4878328,47.76125199987291
43.0491598,48.2561649996569
41.806079,48.19496999971307
42.8682775,49.627388000772044
42.293627,48.46542299947032
44.153895,50.264814000001934
42.3700559,48.97524199986947
40.9901108,47.89600799995242
40.7769261,47.232381999492645
43.1055318,48.61531900041882
42.242541,48.529790000429784
42.6040466,49.03741399903083
42.6939499,48.23003899946343
41.6318701,48.73496499931207
42.4827622,48.0656710014955
42.0578667,49.153664999721514
43.1502175,49.6248800009198
50.0287865,58.25399900004413
47.8921627,55.83198699969216
44.1397882,50.277000001187844
42.8392014,48.91690299973561
42.940753,49.049073998503445
43.8828542,50.481862999731675
43.4174995,49.886674999470415
42.8762644,48.30065699934494
42.4983808,48.98792599942681
43.4634414,49.459603998911916
44.7275878,52.27256500074873
47.3500253,54.10295300043799
45.6848205,53.49207499966724
49.1713367,56.28214199987269
49.6602214,58.139558999755536
42.5266681,48.22120700009691
45.4968364,53.304742999898735
45.9231918,52.20577399995818
42.5069196,47.95025999919744
41.3759965,47.073502999410266
42.3466658,48.16118200051278
43.2705701,49.026107000827324
42.8337066,48.38256199946045
43.3121518,48.467649000485835
42.8266877,48.81338999985019
42.7641086,47.83173899977555
41.9678801,47.89323400018475
41.9694585,47.02491799980635
39.8389204,47.542975999931514
40.4472515,46.630984001239995
43.1201138,50.27784799858637
42.533546,49.98897299992677
41.435264,47.87756499990792
42.9884448,49.62846000034915
41.4845068,47.690439000689366
42.443533,48.39015999914409
41.5251102,47.70275200007745
46.6171519,54.22577599983924
45.5555036,52.658420999250666
52.7163256,60.64747199980047
53.0631404,62.64978100080043
43.9697086,50.331884999650356
48.6998887,56.26503599978605
43.2776292,49.39132800063817
42.337565,50.13718699956371
41.3929277,47.24158499993791
44.293064,51.93301599956612
42.1330771,49.88136799875065
46.905298,54.87575200095307
50.4377536,58.21428499984904
44.4660321,52.66058900178905
49.1493416,56.286447000275075
50.0326237,59.059864999653655
46.4653071,53.592330000356014
38.9627949,44.95479799970781
38.986889,44.87486899961368
41.6935636,48.94690100081789
40.5938332,46.78649799916457
40.2154291,45.574468999802775
42.5140501,48.783538999487064
42.1936628,48.32242100019357
41.7974792,47.38023100162536
42.6846626,48.993630999575544
41.3623148,46.72922899953846
41.4975233,47.082916000363184
42.6444145,48.16136899989942
47.3733511,55.03309300002002
43.3284616,48.3165720006582
42.7891071,48.60273599933862
43.309067,49.04221200013126
42.6052939,48.477750001438835
54.9172264,62.30976999995619
49.9390305,57.95717599994532
43.0972962,48.89221400117094
44.2400502,50.320136000664206
49.3949048,56.75817500014091
41.4184536,48.17588900004921
49.6410145,56.78248700041877
46.7693213,55.334581000352046
42.6840466,49.496128000100725
40.4058638,47.38991599970177
49.3291864,57.22777900064102
43.7734715,51.072234999082866
44.1576294,50.647506000132125
42.6798164,48.657136000656465
40.3924341,46.5304980007204
39.3001784,45.402309000564856
41.3095042,46.64593100005732
41.0090839,46.60879399943951
41.1969837,46.15114300031564
40.7329878,47.26488899996184
42.2444408,48.06788099995174
41.7053011,48.028092999629735
46.1867865,52.75776100006624
45.8671438,52.453463000347256
51.3329327,59.31654800042452
49.9927882,58.18295500012027
49.68826,56.50436999985686
48.8689195,57.277793000139354
49.9694179,56.86117699951865
50.8454131,59.621306000735785
49.6737795,57.78996000026382
42.392524,49.02635699909297
38.3921675,43.698821001271426
39.5387515,46.560304000195174
37.8754087,42.98130900042452
41.1525936,47.69098999895505
39.876205,45.88482799954363
42.0653005,49.275091000708926
40.3332641,45.36305799956608
43.6122217,50.44988499957981
40.9743525,47.34434900001361
42.707706,49.550550999811094
42.9737365,49.18489099964063
57.4222145,67.09912499991333
49.7264112,57.06138100049429
41.0931517,47.56481900039944
40.6800196,45.73047499980021
40.211291,46.19247399932647
40.1815044,45.87215599894989
39.3652624,45.544831998995505
40.3838522,45.492528999602655
40.2307709,45.46995400050946
40.0029974,45.58486899986747
40.2633318,46.05624200030434
40.2705828,45.79490699870803
40.1542723,45.25748400101293
40.3520304,45.35959699933301
39.5972101,45.56925800170575
39.472941,44.34953900090477
40.4294952,45.20180100007565
40.3486199,46.03162000057637
39.418686,45.69217499920342
39.7497958,45.36894200009556
40.3527313,46.266538000054425
41.5550661,46.62494800049899
40.0283179,46.21670100004849
40.8439994,47.04297699936433
39.4066344,45.7208650004759
39.2350825,45.21819399906235
38.3613305,44.43532599998434
38.6998991,44.2587329998787
38.3014278,44.28060000009282
39.3400897,44.84747799961042
39.3656717,44.931372000064584
40.1102513,45.43812599968078
40.0071376,46.01541400006681
43.156876,48.95009499978187
50.0699375,58.687468000243825
40.0336696,45.462905999556824
46.4295439,54.40323699986038
41.661672,47.49870299929171
41.7080699,48.61435800012259
41.1091057,46.75840700019762
42.6445717,49.21586800082878
42.2068226,47.44978300004732
41.1627237,47.633137000957504
41.256777,46.86730199955491
40.2889838,46.75443400083168
42.9357246,48.21628600075201
40.3850306,46.61556599967298
40.7313928,45.83296699911443
41.5030906,46.89573999985441
42.4320869,47.26925099930668
43.870624,50.21428899908642
45.0347416,50.68551000113075
46.4527705,53.57196099976136
44.1221506,48.61075899862044
48.4229374,55.925390999618685
42.8889758,47.50165399946127
42.7415283,48.24448799899983
44.1714019,48.85960199953843
42.9486745,49.9085860010382
42.6738032,49.15934800010291
40.5068748,47.14000500007387
41.4908129,47.44877500070288
42.435556,48.61306099974172
40.625673,46.408764000261726
40.8541842,46.54483899957995
40.4458725,46.42065600000933
40.739414,46.599451001384296
40.7768386,46.58327399920381
43.860815,50.69965500024409
43.9231327,50.94764800014673
38.1532141,43.32873299972562
40.6591318,47.073002000615816
45.5663545,52.5130120013273
41.1129634,47.33685099927243
41.2587158,48.37481699905766
40.637795,47.26471900175966
41.5795025,47.56016900137183
41.1931604,47.17056900153693
40.3756885,46.57588400095847
41.0105428,46.23534900110826
40.1527553,46.36707100053172
39.8308879,46.393842999350454
40.207936,45.03847300111374
41.8877116,47.372938999615144
42.71373,48.97574300048291
40.9812194,46.60644100022182
39.1342154,44.998060999205336
39.5931338,44.82840199852944
39.6358668,45.19716300001164
39.9532424,45.882883001468144
39.7303842,45.58077999899979
39.8054375,45.38370800037228
43.8120189,51.12267600088671
50.3506733,58.179372998893086
49.9992767,59.00626299990108
45.6756917,52.635444999395986
37.4694898,43.373743999836734
40.0307798,45.12257099941053
37.2698536,43.024833999879775
36.9628407,42.371843999717385
47.1258235,55.37217100027192
41.5347018,48.168113999054185
49.1442023,57.604630998866924
38.9982267,44.98552500081132
39.7622475,46.50371099978656
39.9295911,45.805773999745725
40.1021662,46.1533520001467
40.9095023,46.23869199986075
38.5019005,44.99878400019952
40.3947935,45.10096600097313
40.8726887,46.6343220014096
40.8383124,46.52269799953501
48.7212962,56.108536999090575
49.32023,57.99386200033041
43.1144277,50.92048899950896
40.0419205,45.43390199978603
44.6702665,51.82775200046308
41.4097385,47.62522200053354
40.4705731,46.33859499972459
39.5070335,45.26712899951235
41.1127861,47.91069100065215
41.4896633,46.409896998738986
46.740059,53.96989900054905
44.8316418,50.381625001136854
46.9402465,54.14130899953307
42.3845546,48.23838500033162
37.712163,44.71598100008123
40.0220477,45.44466199968156
39.4505869,45.160981000663014
39.0330241,45.3736689996731
40.2509117,44.89573900082178
39.4326081,45.22144700058561
37.8462493,44.25488700053393
40.5058817,45.50183699939225
39.4172272,46.11802799990983
45.6631727,52.76397899888252
38.2806769,44.642949999797565
45.8689594,52.17785999957414
38.3259455,45.00694000034855
39.3063861,44.39502700097364
37.9863257,44.42613300125231
37.7860953,44.00021899982676
38.3734533,44.36191900003905
39.0821946,44.54873299891915
50.0669753,59.796147999804816
54.4722415,61.80822700025601
53.5223568,62.42704300075275
54.8150127,62.21065799945791
54.156567,63.63745600083348
55.2451994,63.02643700018962
53.5505729,63.25033999928564
55.6942043,63.1611740009248
53.4593458,62.33759800034022
54.2712334,62.340172999029164
53.2868691,62.24937499973748
52.7028211,60.76147300154844
52.0507495,60.74077799985389
52.2477695,60.28606099971512
51.1072849,59.86011200093344
50.4601657,57.71643999923981
50.807906,59.522681001908495
51.9747821,60.041406000891584
51.6315485,60.98551599916391
51.6278177,59.58460300007573
51.4179619,60.91404399921885
45.8198955,53.14068900042912
39.3519051,46.662371999445895
41.1884982,47.58744399987336
42.632232,49.73166299987497
41.3022454,47.57766199963953
41.7099439,49.05639700064057
46.1430991,52.535083000293525
49.2287821,57.594196999161795
45.1271045,52.251981000154046
42.655374,50.25411899896426
42.5423575,48.12292599945067
43.2844618,48.46867700052826
41.1362393,47.37959999965824
41.7574362,48.2438449998881
41.1351537,47.18214100012119
42.5676298,49.578923999433755
41.196079,47.683986999800254
43.7253181,50.40006300077948
42.7078059,48.25055600031192
46.6605934,54.478351000398106
44.7358545,51.65486799887731
40.667568,47.097016000407166
41.0419879,47.07635199974902
44.4506851,53.205677000732976
40.3192259,46.91831299987825
40.9114894,47.72752899953048
40.8513836,46.51623799964
40.5118824,47.21615800008294
41.1697185,46.31785699984903
43.4032203,50.14626100091846
40.488492,45.67840400068235
39.4077701,45.747023000330955
41.3449618,46.704956000212405
49.5784864,56.89536199952272
41.1995448,47.25185400002374
48.8856875,57.099831001323764
43.169188,49.96550699979707
44.9673575,52.54404599963891
44.9032057,52.93530800008739
46.0438267,53.416626999933214
48.4479702,55.914076000590285
44.25014,51.257637000162504
47.0158484,54.40656099926855
41.490835,48.70541599939315
41.5502837,47.029655001097126
41.3431346,47.38356600046245
45.5154747,52.81606300013664
50.114385,58.71110499901988
48.5849286,56.05950399967696
39.1314862,44.81490299986035
46.7479074,54.16138000055071
44.2532366,51.24923199946352
49.7064425,56.87859300087439
54.3645209,62.98741600039648
54.2055413,63.95107099979214
54.3146028,64.013242999863
51.6176923,59.573255999566754
56.3469704,66.70983199910552
51.2722707,59.47826399915357
52.9383843,60.97838500045327
51.0713712,59.010173999013205
50.9314011,59.3794380001782
51.0138043,59.087997000460746
52.452097,60.64094700013811
53.6892153,62.980857999718864
49.4676714,57.246542999564554
55.0240117,63.21054699947126
52.749891,62.61700400045811
50.3211711,58.075828001165064
51.0957087,59.126990000549995
50.7891057,58.80900600095629
50.1839413,58.359804000247095
49.3271891,57.221772999582754
48.7985086,57.35900699983176
48.8868176,56.04479500107118
49.3169223,57.59201499949995
48.7226902,56.02937000003294
49.4045253,57.24111899962736
48.7323386,55.958907000785985
48.0573509,55.33750399990822
48.4521407,55.92056100067566
49.0755914,58.47980999897118
49.9064616,58.23857100040186
51.1167019,61.288183998840395
50.7549422,59.322253000573255
51.59449,61.92683000062971
52.4171182,61.06682999961777
52.3371989,62.21785599973373
51.8772981,59.99160199917242
51.7260846,61.06080099925748
52.6127706,60.89853299999959
52.6270698,61.99080500027776
52.6009247,60.788140000113344
52.3244927,61.06588300008298
51.5502466,59.485624999979336
49.4244621,58.174572998723306
49.8219061,56.79410500033555
49.5060348,58.008049999443756
50.4112094,57.47631400026876
49.8991807,58.86431199905928
49.7693398,57.17270899913274
50.0365258,58.70855800003483
50.9641175,59.1368750001493
51.0974026,60.01628199919651
51.305192,58.842588000516116
50.5109655,58.852178000051936
51.6679529,58.9004549992751
53.0794485,61.64034500034177
51.03479,58.582259999639064
49.5477791,57.623048999630555
50.1464519,56.77289199866209
49.6673804,58.23880499974621
50.0890692,56.781929000862874
50.3604088,58.10999500045
50.1545487,57.914978000553674
49.8960604,58.79246000040439
50.0788587,58.19307999990997
50.8307249,58.853071999692474
51.0449934,59.3612069997107
49.834957,58.476565000091796
48.789178,56.49578599877714
51.0677757,59.63216699910845
50.269823,58.14034100058052
50.1847357,58.75299399940559
51.1174319,58.16776300071069
50.0501347,59.618210998451104
51.3830911,58.14346200077125
49.9360581,58.9455800009091
50.1902372,57.1976179990088
49.4935915,58.01407499984634
48.852049,56.73976800062519
49.2747587,58.460526000089885
49.4792502,57.301396999719145
50.1507396,59.019183000600606
50.4720081,58.027284998388495
50.3915618,58.95200099894282
49.7722327,56.92831800024578
51.1402685,59.71143199985818
49.7400357,56.907341999249184
51.2076132,60.31415699999343
53.1131762,60.823352999250346
54.9894606,62.6391039995724
57.553205,123.97643699932814
40.744476,46.96805800085713
38.4640178,43.85083899978781
43.390147,50.572257999192516
44.1382022,50.04283300058887
40.5329862,45.75127499992959
38.6141169,43.44377300094493
40.6057735,45.578203000331996
42.7874439,49.096761000328115
42.1893221,47.86256199986383
40.2284664,46.30858200016519
41.6134003,47.341303000393964
39.171641,46.2496119998832
39.5626752,45.40164399986679
41.7848511,47.53875799906382
41.9139858,47.68552699988504
52.6665338,62.21069600087503
44.8928318,50.17281099935644
55.545685,64.13237800006755
53.5777076,61.668813999858685
50.440456,59.07170599948586
41.8741598,47.839132999797584
44.4650774,52.37375400156452
44.9917591,52.258267000979686
40.5683193,47.25284199867019
40.3961395,47.41008299970417
39.3881903,45.132819000173185
40.4886266,47.15554600079486
41.5649485,47.57358800088696
40.5866408,47.32515800060355
39.1045477,45.07923800065328
40.8134647,47.19480000039766
40.8406399,45.93874200054415
39.8987559,47.018107999974745
40.7393024,46.676465998643835
42.428304,50.118889000259514
39.4557447,44.67389500041463
39.7067707,45.41512300056638
41.310525,46.92437599896948
41.8618876,47.823950999372755
40.5164365,45.837083000151324
40.1000137,45.88212299950101
39.5314815,45.101334999344544
38.3587067,45.35070599922619
40.4005446,45.07948199989187
41.7081967,47.66883000047528
39.7806068,45.6525639992833
39.9780806,46.753587001148844
40.0629954,45.49719999977242
40.0101233,46.361368000361836
39.3045355,44.995594000283745
39.9794834,46.152173000336916
40.0422714,45.37521200018091
39.4370115,45.800614000654605
40.4420343,45.30208400046831
42.5144055,48.9880909999556
45.9355806,52.52883600041969
40.4566043,46.35291700014932
39.624729,44.74277500048629
39.7108189,45.693574999859266
40.3780864,45.292988999790396
46.3543884,53.887747000771924
40.1384501,45.40474599980371
39.8265302,45.80388099930133
39.4267545,44.80011099985859
39.3403445,45.85465199943428
39.4079765,44.18827500012412
39.3401381,45.14502900019579
39.4760475,44.75876300148229
41.1329165,46.33467299936456
41.1789198,46.18711799957964
42.0566094,47.4613459991815
42.9409997,48.315537000235054
40.4976802,46.024446999581414
40.411407,46.06234000038967
39.9412129,46.23045200060005
44.3813601,49.90093899959902
42.2594753,47.48521100009384
41.079067,46.76378099975409
41.5589115,46.20068399981392
42.3225073,47.6266020004914
41.6795776,46.514394999576325
42.6924761,47.245452999959525
42.3123694,47.16225700030918
42.5211987,47.44877300072403
41.3239684,47.05400800048665
43.15706,47.78089299907151
41.1899437,46.875605999048275
41.1959477,46.722736000447185
40.4829302,46.81545899984485
41.2201972,46.566321000682365
39.9405128,46.504968999215635
38.4707248,43.82047800027067
41.7554721,47.944379998625664
41.9461685,47.2807100004502
42.4745838,49.166364999109646
41.728915,47.083802000088326
40.1915648,46.66806999921391
41.3502073,46.59872499996709
42.3845184,47.15399500037165
41.7329291,47.34601400014071
40.3160167,46.505389000230934
41.0694728,46.08668699984264
39.4511194,45.47418999936781
42.0440512,47.15405800016015
40.1016774,46.07970699908037
43.0055514,48.71798999920429
40.0217475,45.836341000722314
41.4258608,47.151131999271456
42.299887,48.96077299963508
40.9179451,46.49060600058874
40.0016514,46.812975999273476
41.1273341,46.242291000453406
42.2615928,48.56447299971478
41.8131675,46.99758300012036
41.5628568,48.09119800120243
40.6547394,46.21622299964656
41.2992095,46.748517998821626
39.6270223,46.843318000355794
40.5258425,47.022615000059886
39.9616217,45.90848000043479
39.8373658,46.3655289986491
40.6360942,46.008549999896786
39.5808705,46.19608200118819
39.8624111,46.405940998738515
45.9364157,54.53263900017191
45.4380746,53.36196899861534
50.0279436,59.13308099934511
48.4821185,56.54314099956537
44.2062875,52.143494998745155
45.354262,52.12393899910239
46.5590854,55.053956999472575
44.507426,52.39951299972745
42.0185696,49.26267400060169
42.958768,48.94819599940092
40.0107232,46.47788500005845
40.8647536,46.737072998439544
39.820453,46.58943699996598
38.915387,44.80749899994407
39.8558562,46.19543599892495
39.7310218,45.59931199946732
39.5942122,46.46646400033205
39.6839676,45.567512000161514
40.5009471,46.973107001576864
40.8361193,47.075196000150754
40.6247825,48.257202999593574
41.5392258,47.26607600059651
44.5832998,52.30448499878548
43.1697806,48.744861001068784
44.6304104,52.30799299897626
40.6313609,46.36682300133543
41.4697069,48.08184899866319
39.9573123,46.054618999733066
40.5579565,46.94426599962753
40.0639397,45.438252999701945
39.8932536,46.16008899938606
40.1196333,45.82451999976911
39.9302123,46.59974300011527
41.1178997,46.28338500060636
40.1916398,46.33736999858229
41.6980025,46.70391300078336
46.379905,55.036857000231976
50.484612,57.618078999439604
46.3271275,54.79471699982241
48.1090341,55.12858500060247
40.8390693,48.53970800013485
39.556,44.81952600144723
38.8397692,45.9378760006075
40.7070485,46.218647999921814
40.5954153,47.09965999882115
40.0658397,45.192581999799586
39.5973046,46.65497700079868
40.6919957,46.24408800100355
40.6267255,47.82969699954265
42.4907867,49.29162200005521
42.9270611,50.04165499940427
40.8117797,46.54691199903027
40.5950476,47.038421999786806
40.6585971,47.01175499940291
40.5270878,47.581110999090015
40.8531386,46.73871399972995
39.5683421,46.12202599946613
40.3349524,46.499805998792
39.3271423,46.19518000072276
38.2209261,44.43271300078777
38.6601592,46.15382799966028
39.6017507,45.86738899979537
39.1971928,46.69349400046485
39.6131464,45.53966399998899
39.9673464,46.50663300071756
41.0084785,46.853054000166594
46.4450676,54.30496700046206
40.8340954,47.03557599987107
38.4337297,45.872331001191924
43.5042926,50.53589200088027
38.307181,45.00218999965
40.2535693,47.133908999057894
39.3882457,46.122319000460266
37.9274748,44.40551499828871
41.7910811,49.70068700094998
41.3004289,47.3939679995965
39.5944767,46.40795700106537
39.8742529,46.18248599945218
38.5388723,46.01024299972778
39.9853156,45.15971900036675
38.3395404,44.5273149989589
39.0701642,44.48583099838288
38.8040794,45.18479000125808
39.2653667,44.31290100183105
38.9915938,45.46935600046709
39.3272716,45.20392900030856
51.1614535,61.48412799939251
46.3796564,53.261822999957076
42.9430074,49.25015200024063
42.1771389,48.16156100059743
41.2488101,48.23811999995087
43.7785064,51.419562999399204
39.8827679,46.63443000026746
40.4731379,46.390279000661394
38.8264757,45.41273799986811
39.8831352,45.37164799967286
40.6458201,47.36881499957235
40.8786169,46.412521000092966
39.8812391,47.00895099904301
41.0525925,45.77630699986912
39.8648798,46.30036100024881
40.7290168,46.67633400094928
39.7199762,46.62222400202154
40.8863438,46.66752099910809
40.1822767,46.2656749996313
39.0982608,44.59311300070112
39.9612696,46.641341999929864
41.8921077,47.57818199959729
42.0120361,48.90986700047506
42.4379332,47.86427799899684
41.3450346,48.362636999627284
40.3598713,45.663474000321
40.6716728,47.112658000514784
40.5233569,46.317150000504625
41.5392944,47.23264600033872
41.2553311,47.091825998904824
39.487311,46.458637999421626
39.575689,45.43589500008238
39.4881648,46.38921700006904
40.49484,46.655630000714154
41.8052083,47.39008399974409
40.537292,46.165751999978966
40.1338618,45.93237199969735
40.561067,45.50732500047161
40.1000536,45.92342599971744
40.1146447,45.23892499946669
40.7720375,46.570208999582974
41.297891,46.40761900009238
40.4872682,45.95912199965824
40.8488347,46.463069999845175
40.393983,46.43656500047655
41.2044181,46.39275999943493
40.3433674,46.453748998828814
39.9134151,45.47380100029841
39.595317,46.25841099914396
39.0897864,44.775968998692406
41.5390877,48.21745700064639
41.7101172,47.06816700127092
47.9675892,56.546552001236705
39.9765391,45.00847500003147
39.1027407,45.40196299967647
39.3988091,45.059209000100964
40.1488248,46.63241199887125
41.9063611,47.146442000666866
40.6431564,46.91356899911625
39.2541468,45.09890600002109
40.0381177,45.76937800175074
40.8102688,46.43551699882664
45.487356,53.130403999603004
50.6550844,58.55594599961478
46.365442,53.708884000116086
44.6280863,51.00211700118962
41.5385595,48.06298699895706
41.1097967,46.68106199915201
47.4533452,57.41556499924627
43.2056804,49.55809099919861
42.6136979,49.398425999243045
42.9375215,48.51490199962427
41.8109031,47.66953200032731
45.6757948,52.642115000708145
47.4338194,55.081178998989344
43.4168235,48.7937449988749
40.1352607,47.15449700142926
51.2197718,60.127387999273196
40.4644221,46.55406299934839
44.5471994,52.11527999927057
39.7024188,46.501998999701755
38.340186,43.716238000342855
38.2302406,44.553536000421445
38.07538,43.43411199988623
41.5484534,48.654712000825384
41.7787601,47.989819999202155
42.2767476,49.228746999688155
41.5400722,47.35734799851343
40.8640067,46.69728499902703
41.3981376,47.828739000578935
39.5870433,46.30996900050377
40.7894156,46.578338000472286
41.199953,47.60535800051002
40.0738189,45.54408700005297
39.5479127,46.93085799954133
40.3907072,45.959877999848686
41.5649589,48.61463100041874
41.4216695,47.393030999955954
39.6145376,45.779478999975254
41.5347688,47.974219999559864
50.0091509,59.04279999958817
41.4893581,47.532688000501366
43.8569834,51.51341300097556
44.6043345,51.89033599981485
42.0277353,48.88634300004924
40.0424771,46.394441999837
40.0028107,47.51668100016104
39.1961037,46.179193000170926
38.7460069,45.77313099980529
37.7487512,45.38370899990696
39.3334437,46.28121300083876
41.3821004,47.079285999643616
39.0240855,45.31463500097743
42.9940038,49.950266999985615
40.6478757,47.031117000187805
39.6909259,45.541599000898714
39.8372847,46.67640499974368
49.4097534,56.98845500137395
49.228872,57.50538600022992
38.7754503,45.4870169996866
39.6862957,46.82215799948608
39.9498002,45.18723199998931
38.5228815,45.530833000157145
39.5219908,45.93258899876673
38.8330665,44.949498000278254
38.1484472,44.52956600016478
38.5561228,45.0177500006248
38.7274182,45.25412099974346
38.9646566,45.380264999039355
40.6980706,46.8031760001395
38.7911166,45.91550600071059
38.7557728,44.97827699924528
38.682263,45.60307700012345
40.2682838,46.258008999757294
38.627594,46.11171299984562
39.4230171,45.282423000571725
38.676669,45.161475000895734
40.2236299,45.88432600030501
39.3180189,46.29294900041714
40.1254827,46.02436199911608
39.5496227,46.47070299961342
38.7384283,46.21141300049203
38.8468,45.6347689996619
38.5898073,44.701354999233445
38.9836066,45.199352000054205
37.9914271,44.22789799991733
39.4663293,46.094466000795364
39.3752028,45.03291599939985
41.8029101,49.25554700093926
39.4003966,46.2507980000737
40.2856305,47.97633100042731
41.9239531,48.36098500072694
41.2616311,48.04244199931418
40.474457,47.359123999740405
41.2008448,48.182962000282714
42.1102742,48.30677400059358
43.0479023,48.686608000025444
41.3194334,47.5862719995348
39.6942276,46.25786000087828
39.6757741,45.53521000070759
38.9673758,45.55150799933472
40.045742,45.90020200066647
39.2113944,45.247910000398406
39.2649849,45.23827499997424
39.9736337,45.60902400044142
39.0744385,45.05458799940243
40.8731555,47.47525399943697
39.8848382,45.77026000060869
39.1280911,45.81294900071953
40.2604458,45.40525799984607
41.0180672,48.27864199978649
39.5889647,45.12005400101771
40.508453,47.5773569996818
41.2913899,47.32814699946175
42.3442217,49.43257800096035
41.2415115,47.866441999758536
41.2662976,47.57028600033664
39.5633441,45.6500660002348
39.8677278,46.446405000097
39.797788,45.19748700022319
38.7400695,45.3259829992021
39.8299496,45.47043900038261
39.9609329,46.227374999944004
40.6091798,46.85094900014519
40.5224694,47.4117549993025
40.5412811,45.82710799877532
39.0198853,45.704559000114386
40.705482,46.413527999902726
40.5119087,47.12037399986002
42.1491889,48.299323000719596
39.1561915,45.546739001110836
40.060137,45.16580299969064
38.9225023,45.83342400019319
40.3911951,46.14772200056905
39.2912356,45.761231999676966
39.9717673,44.9314579991551
39.3708875,45.84407700076554
40.9006156,46.491960999446746
45.8592687,53.18277100013802
40.011806,45.76525799984665
40.1693995,45.713172999967355
51.9427506,59.64546499944845
49.3800357,58.44747799983452
39.9871375,45.76573200029088
40.1738805,46.59456399986084
41.5666869,47.774954000487924
39.2753945,46.29112400016311
40.1859774,46.104991999527556
40.2868655,46.03910499918129
38.9518287,45.61389999980747
42.392424,48.42721399927541
41.2033442,47.12014100005035
40.5257578,46.589163999669836
40.1140889,46.52125499978865
39.6943875,47.0488299988574
41.613866,47.01878499963641
46.3279486,54.52647000038269
45.6239931,52.15880300056597
42.3263405,49.284130000160076
41.5863354,47.76153599959798
42.3281043,49.2871570004354
43.8140598,51.496887000212155
44.4233296,52.69958900225902
43.9377807,50.70981000062602
40.6290466,46.42153500026325
40.0963055,46.141690000695235
39.2920383,46.19983700013108
40.6707472,46.365388000594976
41.4502507,48.323786999389995
40.9688058,46.143177999510954
41.1101732,47.052141000676784
42.1618929,46.93500000030326
42.4855512,49.13687899897923
42.8200594,49.267540000073495
39.3527245,46.20009300106176
41.6777254,47.63766399992164
45.3518624,52.79690800125536
41.7871254,47.086806999686814
40.0395208,45.886018000601325
41.2662439,46.12538599940308
39.3267403,45.045390000268526
39.0893096,45.11041700061469
39.6765603,45.51573100070527
40.8217256,46.015457999601495
40.4000819,46.216058000936755
46.9996346,53.691637000156334
43.8311167,51.97709799995209
51.2892762,58.71074700007739
46.5519022,54.29344000003766
42.313351,48.94897199847037
42.7599649,50.352700000075856
44.2022565,51.511531999494764
47.6535802,56.10039600105665
47.2871975,54.672089000632695
48.1463276,57.18336200061458
46.6210158,54.58342500060098
48.7232871,57.64844099940092
48.656016,55.89303699980519
47.7312606,56.76136200054316
48.634113,55.87725199893612
44.0459315,51.24554800022452
45.4218241,53.045984000164026
46.9711028,55.36694600050396
39.8452212,45.445398000083514
39.1954989,45.2149790007752
38.4093077,44.342658999994455
38.7742371,45.002558000305726
40.5313924,45.68288000064058
40.3589243,45.97452399957547
39.5648935,45.29083200122841
39.9046465,46.07398900043336
40.0036889,45.86285000004864
39.1679161,45.41166299895849
40.2041652,45.42186500020762
39.4414947,45.547474999693804
41.0036446,46.562023999285884
40.3888537,46.029453000301146
43.8552864,49.262606000411324
40.5144605,46.74610500023846
40.9865548,47.67056699984096
48.4081051,57.05055999897013
42.5076567,49.605241000790556
43.4520846,51.796238000861194
44.5819027,51.331356999980926
43.6220785,51.06684799920913
39.2534858,44.60577099871443
39.2474123,45.13187799966545
39.3259582,44.45854000005056
40.1330429,45.511430999795266
41.2981369,47.51409800064721
39.6974992,46.71636800048873
40.0507345,45.76236400043854
40.2104243,47.48537799969199
40.605001,46.29735299931781
40.3215907,46.47570099950826
50.8737755,58.69676299971616
47.2628454,56.172395999965374
41.5051302,47.435168999982125
48.9687466,57.9148319993692
53.3994148,61.498430999563425
49.3038429,58.62008100029925
39.084973,44.23548200065852
46.8840083,55.411855999409454
46.778016,53.85587299861072
42.9415234,50.63794299985602
41.3536841,47.46448900004907
39.4879889,46.190721999664675
38.1359708,43.96872399956919
44.6092409,51.52287500095554
40.7699862,47.54189300001599
40.6710449,47.02299899963691
41.4285675,47.18259699984628
40.1077435,46.920945000238135
44.604171,51.389395000114746
43.8051432,51.03848100043251
40.2684264,46.51641000054951
39.0041298,45.72120600096241
39.4466942,45.228078000036476
45.9302163,53.373826999632
41.0788913,48.11375299959764
45.793939,53.74880099952861
46.4087076,53.98939800033986
39.1564117,45.04450900003576
38.9557869,44.36848400018789
38.3460964,43.967562999569054
37.4878957,43.41216800003167
38.1836403,44.50612699929479
39.2007175,44.630014998801926
38.1884,44.23389400017186
38.6856495,44.581148001270776
39.7858167,46.48386499866319
37.5903095,43.03057100150909
40.201788,45.730126998932974
42.8353372,48.68428599911567
39.4849422,45.57304400168505
40.805353,46.40385799939395
39.1264024,45.48619599972881
41.4280347,47.83362299986038
41.3864483,48.44391899951006
39.8374917,45.69018900110677
38.4372103,44.71272899900214
38.1631276,43.482183999913104
39.555201,45.841050999115396
38.38239,43.97849500128359
38.9424408,45.480533999580075
40.056792,44.98891999901389
49.3125677,56.49856800027919
51.5031552,59.4829440005924
48.3831102,57.69451400010439
47.3035876,55.94461800046702
48.9298906,58.44797899953846
49.3973942,57.212697999602824
51.3731663,60.905829000148515
52.1457289,59.8881080004503
51.0563079,59.92851500013785
51.1974956,58.77653500101587
50.0305246,58.12807799975417
49.5533237,57.135509000545426
49.4962041,58.26314200021443
48.7780035,56.778689000566374
48.3613685,57.671828000820824
49.1951585,56.685606999963056
49.4444271,57.71013799949287
49.1841119,56.84017400017183
49.0074501,57.786018001024786
49.3566148,56.61392700039869
49.812969,58.678243000031216
51.7769732,57.82348300090234
49.0181552,58.40605899993534
47.6991034,56.45495099997788
48.122221,56.9826090013521
48.6066884,56.3117540004896
49.6308673,58.412059000147565
49.287036,57.11586199959129
48.8519938,58.22666600033699
48.2744895,56.63365800046449
49.5547743,58.829257000070356
49.1059334,56.82564300059312
48.8955824,58.464568999625044
49.0452371,57.28766599895607
49.636639,59.25045599997247
49.8362293,58.33972399977938
48.9544485,58.76061300023139
48.9752783,57.66846599999553
49.8044275,59.35082299856731
50.2334763,58.75139700037835
48.2797177,56.99859699961962
50.5159182,59.30228899978829
49.7849796,57.93518600057723
50.301106,58.00187900058518
50.2096433,58.79504299991822
49.4666885,56.72291399969254
39.7292216,46.815673999844876
39.9301919,44.83428000003187
39.4612168,46.13059500024974
39.9199036,44.764987000235124
39.8327894,45.16124999918247
40.1989725,45.26684999927966
39.2970968,44.956024999919464
38.798048,44.375998000759864
37.9482821,44.248526000046695
38.9373648,44.53099399961502
38.8658287,45.69844699926762
38.9236253,44.50104599982296
37.8262208,44.27066799962631
43.9722889,50.96454500016989
52.7348864,62.403458000517276
44.4074546,51.065532999018615
39.8332877,45.77020600117976
39.9274376,45.74664700066933
39.8872106,46.46956900069199
39.6452103,44.55976099961845
38.7967529,45.780808001836704
40.7563437,46.43168700113165
40.0447541,47.243077001439815
38.6786106,45.21097499946336
40.3426275,47.72686300020723
40.4368073,47.258118000172544
38.5379242,46.065149000241945
39.8005226,45.41164500096784
38.7843219,45.57525100062776
40.1241046,45.43229499995505
39.4977277,45.92849999971804
40.6301695,46.38173500006815
39.6018007,46.76149900024029
39.8585579,45.54206299962971
39.6825938,46.29915600071399
41.1432559,46.69949799972528
38.844338,45.994664998943335
39.7007489,45.180061999417376
38.8080668,45.63970599974709
39.9171936,45.31977900114725
40.0137083,45.439563000400085
39.8698192,45.53794800085598
38.0094624,44.94484299902979
39.7625787,45.351195999501215
39.0104557,45.50106399892684
39.0851086,45.21193599975959
39.6750846,46.42501099988294
40.6463762,46.03218400006881
38.9650616,45.41324399997393
39.7589313,45.18722699958744
39.7023361,46.017899000617035
40.2559169,45.73437199996988
41.2778898,46.8434080003135
40.4809999,45.73432300003333
41.3928994,47.69275299986475
42.0612969,47.39362300006178
45.7862475,53.3672800002023
40.9064423,46.429719000116165
40.3510586,46.84053599976323
38.7057829,43.595990999165224
42.1828366,47.35683599847107
42.1121188,47.37137599931884
41.3393688,47.7139589993385
43.2741734,48.52085199945577
44.306186,50.09823500040511
44.5713898,50.95537099896319
47.0086005,54.60921299891197
48.664486,55.4242800008069
54.659543,62.45715800196194
50.1816795,57.2580010002639
53.7486004,62.665917000231275
49.5874623,56.86080399846105
48.7676552,55.74751800031663
48.8699637,55.77213400101755
48.6910356,56.81416499919578
48.5842586,55.337571999189095
48.6377645,56.26756400033628
47.904628,54.98007099959068
47.1160814,54.05884599986166
49.2996093,56.245740999656846
46.5072908,54.916666998906294
44.8867985,51.56666899983975
42.4526437,49.717047999365604
42.2397534,48.39974700007588
44.7471703,50.8507489994372
41.6036824,47.86760499973752
42.4936996,48.72397599956457
42.3980452,48.68846000135818
39.9762875,46.272515999589814
40.5757053,46.30424200058769
39.0381016,45.845196999835025
40.7793972,46.03302700070344
38.3725089,45.00200400070753
38.6738632,44.56986200057145
39.2888499,45.66934800004674
40.7408727,46.449516999928164
39.1076215,45.84436799996183
40.4228907,45.68320600083098
39.828133,46.51920799824438
39.8817442,46.099682999738434
39.6644337,46.34130899921729
39.1922597,44.928843999514356
39.152254,46.06621099901531
39.3934055,44.56153600040125
40.292155,45.75474499961274
39.7991344,45.913087999906566
39.4066609,46.20485800023744
40.110143,45.998327000233985
40.3922974,46.81099199933669
40.3540399,46.776527999099926
37.5872989,46.2935279992962
37.5534469,45.111856001312844
36.7943201,45.34267100007128
36.8150139,44.8338269998203
36.7911145,45.3292070005773
38.3237016,45.72063200066623
37.6077179,46.46330800005671
36.790137,44.428649000110454
35.9986204,44.43307900055515
35.998418,43.576172000030056
35.9317117,44.058281999241444
35.1721898,43.14266400069755
34.4677285,43.092080999485916
35.2202516,42.94947099970159
35.1726566,43.304853998961335
35.2607785,43.23642400049721
35.1829709,43.37439699975221
